 Copyright (C) 1995-2012 - All Rights Reserved
 University Corporation for Atmospheric Research
 NCAR Command Language Version 6.1.0
 The use of this software is governed by a License Agreement.
 See http://www.ncl.ucar.edu/ for more details.


Variable: info_data (subsection)
Type: float
Total Size: 728 bytes
            182 values
Number of Dimensions: 1
Dimensions and sizes:	[182]
Coordinates: 
Number Of Attributes: 1
  _FillValue :	-9999
(0)	61.68
(1)	50.2
(2)	42.27
(3)	38.48
(4)	32.71
(5)	33.83
(6)	40.82
(7)	50.96
(8)	62.47
(9)	54.1
(10)	66.87
(11)	79.86
(12)	92.83
(13)	105.51
(14)	101.82
(15)	115.44
(16)	128.29
(17)	139.34
(18)	146.48
(19)	151.24
(20)	154.51
(21)	148.33
(22)	136.61
(23)	122.77
(24)	108.18
(25)	112.58
(26)	97.14
(27)	81.89
(28)	67.2
(29)	53.59
(30)	54.68
(31)	41.3
(32)	30.7
(33)	25.97
(34)	29.58
(35)	21.59
(36)	30.49
(37)	42.67
(38)	55.91
(39)	69.56
(40)	83.35
(41)	78.16
(42)	92.88
(43)	107.67
(44)	122.27
(45)	136.17
(46)	135.64
(47)	149.76
(48)	159.33
(49)	157.36
(50)	145.86
(51)	150.96
(52)	135.9
(53)	120.19
(54)	104.4
(55)	88.78
(56)	73.49
(57)	76.96
(58)	61.77
(59)	47.17
(60)	33.78
(61)	23.45
(62)	23.62
(63)	16.08
(64)	20.32
(65)	31.79
(66)	45.21
(67)	38.83
(68)	53.23
(69)	68.05
(70)	83.17
(71)	98.53
(72)	114.05
(73)	111.08
(74)	127.49
(75)	143.62
(76)	158.06
(77)	164.27
(78)	167.13
(79)	159.05
(80)	144.05
(81)	128.08
(82)	112.05
(83)	116.14
(84)	100.5
(85)	85.02
(86)	69.76
(87)	54.78
(88)	44.99
(89)	30.86
(90)	18.47
(91)	13.61
(92)	21.91
(93)	16.9
(94)	29.1
(95)	43.25
(96)	58.05
(97)	73.25
(98)	68.64
(99)	84.61
(100)	101
(101)	117.72
(102)	134.58
(103)	151.06
(104)	149.08
(105)	163.76
(106)	165.79
(107)	152.61
(108)	136.7
(109)	139.87
(110)	124.38
(111)	108.9
(112)	93.54
(113)	78.36
(114)	83.61
(115)	68.89
(116)	54.27
(117)	39.87
(118)	26.09
(119)	14.87
(120)	19.78
(121)	14.06
(122)	21.43
(123)	34.45
(124)	48.93
(125)	44.71
(126)	59.65
(127)	75.27
(128)	91.39
(129)	107.94
(130)	104.94
(131)	121.93
(132)	138.87
(133)	154.93
(134)	165.96
(135)	160.26
(136)	159.61
(137)	147.39
(138)	132.74
(139)	117.61
(140)	102.47
(141)	106.93
(142)	92.59
(143)	78.22
(144)	63.85
(145)	49.55
(146)	55.93
(147)	42.22
(148)	29.26
(149)	19.17
(150)	18.25
(151)	27.27
(152)	38.61
(153)	52.44
(154)	67.42
(155)	83.07
(156)	80.09
(157)	96
(158)	112.31
(159)	128.72
(160)	144.67
(161)	140.01
(162)	152.68
(163)	158.24
(164)	152.39
(165)	140.22
(166)	126.15
(167)	128.32
(168)	115.17
(169)	101.54
(170)	87.69
(171)	73.74
(172)	79.74
(173)	66.37
(174)	53.01
(175)	40.07
(176)	28.62
(177)	37.01
(178)	29.33
(179)	28.56
(180)	35.56
(181)	47.22


Variable: info_data (subsection)
Type: float
Total Size: 728 bytes
            182 values
Number of Dimensions: 1
Dimensions and sizes:	[182]
Coordinates: 
Number Of Attributes: 1
  _FillValue :	-9999
(0)	62.14
(1)	50.62
(2)	42.58
(3)	38.86
(4)	32.94
(5)	33.83
(6)	40.62
(7)	50.66
(8)	62.1
(9)	53.73
(10)	66.46
(11)	79.43
(12)	92.38
(13)	105.06
(14)	101.37
(15)	114.98
(16)	127.84
(17)	138.95
(18)	146.22
(19)	150.89
(20)	154.4
(21)	148.49
(22)	136.91
(23)	123.14
(24)	108.59
(25)	112.99
(26)	97.57
(27)	82.35
(28)	67.67
(29)	54.05
(30)	55.14
(31)	41.75
(32)	31.08
(33)	26.16
(34)	29.49
(35)	21.6
(36)	30.27
(37)	42.34
(38)	55.53
(39)	69.14
(40)	82.92
(41)	77.74
(42)	92.46
(43)	107.22
(44)	121.82
(45)	135.72
(46)	135.19
(47)	149.32
(48)	159.03
(49)	157.41
(50)	146.13
(51)	151.21
(52)	136.23
(53)	120.57
(54)	104.81
(55)	89.21
(56)	73.95
(57)	77.39
(58)	62.21
(59)	47.63
(60)	34.24
(61)	23.83
(62)	24.08
(63)	16.36
(64)	20.23
(65)	31.52
(66)	44.86
(67)	38.52
(68)	52.87
(69)	67.66
(70)	82.76
(71)	98.1
(72)	113.61
(73)	110.66
(74)	127.06
(75)	143.17
(76)	157.63
(77)	164.11
(78)	166.85
(79)	159.21
(80)	144.35
(81)	128.42
(82)	112.43
(83)	116.48
(84)	100.87
(85)	85.41
(86)	70.17
(87)	55.22
(88)	45.42
(89)	31.31
(90)	18.92
(91)	13.8
(92)	21.74
(93)	16.87
(94)	28.88
(95)	42.95
(96)	57.71
(97)	72.89
(98)	68.32
(99)	84.26
(100)	100.63
(101)	117.33
(102)	134.16
(103)	150.61
(104)	148.66
(105)	163.32
(106)	165.72
(107)	152.81
(108)	-9999
(109)	140.09
(110)	124.66
(111)	109.21
(112)	93.89
(113)	78.73
(114)	83.94
(115)	69.24
(116)	54.65
(117)	40.28
(118)	26.54
(119)	15.32
(120)	20.24
(121)	14.37
(122)	21.38
(123)	34.25
(124)	48.66
(125)	44.53
(126)	59.4
(127)	74.98
(128)	91.07
(129)	107.59
(130)	104.64
(131)	121.58
(132)	138.48
(133)	154.49
(134)	165.57
(135)	160.28
(136)	159.47
(137)	147.48
(138)	132.93
(139)	117.86
(140)	102.76
(141)	107.16
(142)	92.86
(143)	78.52
(144)	64.19
(145)	49.93
(146)	56.28
(147)	42.61
(148)	29.71
(149)	19.62
(150)	18.48
(151)	27.39
(152)	38.56
(153)	52.29
(154)	67.2
(155)	82.81
(156)	79.88
(157)	95.75
(158)	112.01
(159)	128.37
(160)	144.27
(161)	139.61
(162)	152.23
(163)	157.87
(164)	152.28
(165)	140.29
(166)	126.31
(167)	128.39
(168)	115.32
(169)	101.75
(170)	87.95
(171)	74.04
(172)	80
(173)	66.67
(174)	53.37
(175)	40.48
(176)	29.08
(177)	37.46
(178)	29.78
(179)	28.88
(180)	35.67
(181)	47.19


Variable: info_data (subsection)
Type: float
Total Size: 728 bytes
            182 values
Number of Dimensions: 1
Dimensions and sizes:	[182]
Coordinates: 
Number Of Attributes: 1
  _FillValue :	-9999
(0)	62.12
(1)	50.62
(2)	42.61
(3)	38.87
(4)	32.98
(5)	33.89
(6)	40.69
(7)	50.72
(8)	62.16
(9)	53.79
(10)	66.51
(11)	79.48
(12)	92.41
(13)	105.09
(14)	101.4
(15)	115.01
(16)	127.85
(17)	138.94
(18)	146.18
(19)	150.87
(20)	154.35
(21)	148.42
(22)	136.85
(23)	123.08
(24)	108.55
(25)	112.94
(26)	97.52
(27)	82.31
(28)	67.64
(29)	54.04
(30)	55.12
(31)	41.74
(32)	31.1
(33)	26.2
(34)	29.55
(35)	21.66
(36)	30.34
(37)	42.4
(38)	55.58
(39)	69.19
(40)	82.96
(41)	77.79
(42)	92.5
(43)	107.26
(44)	121.85
(45)	135.73
(46)	135.21
(47)	149.33
(48)	159
(49)	157.35
(50)	146.06
(51)	151.15
(52)	136.18
(53)	120.51
(54)	104.77
(55)	89.17
(56)	73.9
(57)	77.35
(58)	62.17
(59)	47.6
(60)	34.23
(61)	23.84
(62)	24.06
(63)	16.4
(64)	20.3
(65)	31.58
(66)	44.92
(67)	38.58
(68)	52.93
(69)	67.72
(70)	82.81
(71)	98.15
(72)	113.64
(73)	110.71
(74)	127.1
(75)	143.21
(76)	157.64
(77)	164.06
(78)	166.82
(79)	159.14
(80)	144.28
(81)	128.36
(82)	112.37
(83)	116.42
(84)	100.81
(85)	85.36
(86)	70.12
(87)	55.18
(88)	45.37
(89)	31.28
(90)	18.91
(91)	13.85
(92)	21.81
(93)	16.94
(94)	28.95
(95)	43.01
(96)	57.77
(97)	72.94
(98)	68.38
(99)	84.32
(100)	100.68
(101)	117.38
(102)	134.21
(103)	150.65
(104)	148.7
(105)	163.34
(106)	165.66
(107)	152.75
(108)	-9999
(109)	140.02
(110)	124.6
(111)	109.15
(112)	93.83
(113)	78.67
(114)	83.88
(115)	69.19
(116)	54.6
(117)	40.23
(118)	26.5
(119)	15.31
(120)	20.21
(121)	14.4
(122)	21.44
(123)	34.31
(124)	48.72
(125)	44.59
(126)	59.46
(127)	75.04
(128)	91.13
(129)	107.64
(130)	104.7
(131)	121.64
(132)	138.54
(133)	154.54
(134)	165.56
(135)	160.22
(136)	159.42
(137)	147.42
(138)	132.86
(139)	117.8
(140)	102.7
(141)	107.1
(142)	92.8
(143)	78.46
(144)	64.13
(145)	49.87
(146)	56.22
(147)	42.56
(148)	29.66
(149)	19.61
(150)	18.52
(151)	27.44
(152)	38.62
(153)	52.36
(154)	67.27
(155)	82.87
(156)	79.95
(157)	95.81
(158)	112.08
(159)	128.43
(160)	144.31
(161)	139.66
(162)	152.26
(163)	157.86
(164)	152.23
(165)	140.22
(166)	126.24
(167)	128.33
(168)	115.26
(169)	101.68
(170)	87.88
(171)	73.98
(172)	79.94
(173)	66.61
(174)	53.31
(175)	40.43
(176)	29.05
(177)	37.42
(178)	29.77
(179)	28.9
(180)	35.73
(181)	47.25


Variable: info_data (subsection)
Type: float
Total Size: 728 bytes
            182 values
Number of Dimensions: 1
Dimensions and sizes:	[182]
Coordinates: 
Number Of Attributes: 1
  _FillValue :	-9999
(0)	62.45
(1)	50.94
(2)	42.87
(3)	39.18
(4)	33.19
(5)	33.94
(6)	40.6
(7)	50.54
(8)	61.92
(9)	53.57
(10)	66.25
(11)	79.18
(12)	92.1
(13)	104.76
(14)	101.09
(15)	114.69
(16)	127.53
(17)	138.63
(18)	145.95
(19)	150.59
(20)	154.22
(21)	148.48
(22)	137.03
(23)	123.32
(24)	108.83
(25)	113.2
(26)	97.82
(27)	82.62
(28)	67.96
(29)	54.37
(30)	55.44
(31)	42.07
(32)	31.4
(33)	26.38
(34)	29.56
(35)	21.72
(36)	30.23
(37)	42.21
(38)	55.35
(39)	68.92
(40)	82.67
(41)	77.52
(42)	92.2
(43)	106.95
(44)	121.53
(45)	135.4
(46)	134.9
(47)	149.01
(48)	158.75
(49)	157.33
(50)	146.21
(51)	151.28
(52)	136.38
(53)	120.76
(54)	105.04
(55)	89.46
(56)	74.22
(57)	77.64
(58)	62.48
(59)	47.92
(60)	34.56
(61)	24.15
(62)	24.4
(63)	16.64
(64)	20.29
(65)	31.43
(66)	44.71
(67)	38.4
(68)	52.72
(69)	67.48
(70)	82.55
(71)	97.87
(72)	113.35
(73)	110.44
(74)	126.81
(75)	142.89
(76)	157.31
(77)	163.9
(78)	166.58
(79)	159.2
(80)	144.45
(81)	128.58
(82)	112.62
(83)	116.63
(84)	101.04
(85)	85.61
(86)	70.39
(87)	55.47
(88)	45.65
(89)	31.59
(90)	19.25
(91)	14.04
(92)	21.74
(93)	16.98
(94)	28.84
(95)	42.84
(96)	57.57
(97)	72.72
(98)	68.2
(99)	84.11
(100)	100.45
(101)	117.13
(102)	133.93
(103)	150.34
(104)	148.42
(105)	163.01
(106)	165.55
(107)	152.84
(108)	-9999
(109)	140.13
(110)	124.75
(111)	109.34
(112)	94.04
(113)	78.91
(114)	84.07
(115)	69.4
(116)	54.84
(117)	40.51
(118)	26.82
(119)	15.64
(120)	20.54
(121)	14.66
(122)	21.47
(123)	34.22
(124)	48.57
(125)	44.51
(126)	59.34
(127)	74.88
(128)	90.94
(129)	107.43
(130)	104.52
(131)	121.43
(132)	138.29
(133)	154.24
(134)	165.26
(135)	160.18
(136)	159.28
(137)	147.43
(138)	132.95
(139)	117.93
(140)	102.86
(141)	107.21
(142)	92.95
(143)	78.64
(144)	64.33
(145)	50.11
(146)	56.43
(147)	42.81
(148)	29.96
(149)	19.95
(150)	18.72
(151)	27.59
(152)	38.64
(153)	52.29
(154)	67.16
(155)	82.73
(156)	79.85
(157)	95.67
(158)	111.9
(159)	128.21
(160)	144.05
(161)	139.4
(162)	151.95
(163)	157.57
(164)	152.1
(165)	140.22
(166)	126.31
(167)	128.32
(168)	115.31
(169)	101.78
(170)	88.02
(171)	74.14
(172)	80.08
(173)	66.79
(174)	53.53
(175)	40.7
(176)	29.37
(177)	37.73
(178)	30.1
(179)	29.17
(180)	35.86
(181)	47.28


Variable: info_data (subsection)
Type: float
Total Size: 728 bytes
            182 values
Number of Dimensions: 1
Dimensions and sizes:	[182]
Coordinates: 
Number Of Attributes: 1
  _FillValue :	-9999
(0)	62.02
(1)	50.43
(2)	42.33
(3)	38.65
(4)	32.67
(5)	33.55
(6)	40.4
(7)	50.49
(8)	61.98
(9)	53.61
(10)	66.39
(11)	79.39
(12)	92.38
(13)	105.11
(14)	101.39
(15)	115.04
(16)	127.96
(17)	139.13
(18)	146.47
(19)	151.11
(20)	154.68
(21)	148.72
(22)	137.08
(23)	123.24
(24)	108.66
(25)	113.05
(26)	97.6
(27)	82.34
(28)	67.61
(29)	53.93
(30)	55.08
(31)	41.63
(32)	30.88
(33)	25.87
(34)	29.23
(35)	21.32
(36)	30.06
(37)	42.19
(38)	55.43
(39)	69.08
(40)	82.88
(41)	77.68
(42)	92.42
(43)	107.23
(44)	121.87
(45)	135.82
(46)	135.23
(47)	149.44
(48)	159.27
(49)	157.67
(50)	146.3
(51)	151.4
(52)	136.37
(53)	120.66
(54)	104.88
(55)	89.25
(56)	73.94
(57)	77.43
(58)	62.22
(59)	47.59
(60)	34.14
(61)	23.63
(62)	23.97
(63)	16.11
(64)	19.97
(65)	31.33
(66)	44.72
(67)	38.35
(68)	52.75
(69)	67.57
(70)	82.69
(71)	98.06
(72)	113.59
(73)	110.6
(74)	127.03
(75)	143.2
(76)	157.75
(77)	164.39
(78)	167.1
(79)	159.44
(80)	144.51
(81)	128.55
(82)	112.53
(83)	116.61
(84)	100.98
(85)	85.5
(86)	70.23
(87)	55.25
(88)	45.47
(89)	31.31
(90)	18.81
(91)	13.52
(92)	21.5
(93)	16.6
(94)	28.67
(95)	42.78
(96)	57.57
(97)	72.77
(98)	68.17
(99)	84.13
(100)	100.52
(101)	117.24
(102)	134.11
(103)	150.62
(104)	148.62
(105)	163.42
(106)	165.99
(107)	153.02
(108)	-9999
(109)	140.29
(110)	124.84
(111)	109.36
(112)	94.02
(113)	78.84
(114)	84.09
(115)	69.37
(116)	54.75
(117)	40.35
(118)	26.55
(119)	15.18
(120)	20.18
(121)	14.12
(122)	21.11
(123)	34.02
(124)	48.46
(125)	44.3
(126)	59.2
(127)	74.8
(128)	90.92
(129)	107.46
(130)	104.48
(131)	121.45
(132)	138.39
(133)	154.48
(134)	165.76
(135)	160.55
(136)	159.75
(137)	147.74
(138)	133.15
(139)	118.05
(140)	102.94
(141)	107.37
(142)	93.05
(143)	78.69
(144)	64.33
(145)	50.04
(146)	56.42
(147)	42.71
(148)	29.73
(149)	19.51
(150)	18.2
(151)	27.1
(152)	38.29
(153)	52.05
(154)	66.99
(155)	82.62
(156)	79.67
(157)	95.56
(158)	111.85
(159)	128.25
(160)	144.2
(161)	139.54
(162)	152.27
(163)	158.08
(164)	152.56
(165)	140.55
(166)	126.54
(167)	128.65
(168)	115.56
(169)	101.96
(170)	88.14
(171)	74.21
(172)	80.19
(173)	66.84
(174)	53.49
(175)	40.55
(176)	29.06
(177)	37.46
(178)	29.65
(179)	28.63
(180)	35.39
(181)	46.91
