Wed Apr 10 10:46:14 CDT 2013
 Copyright (C) 1995-2013 - All Rights Reserved
 University Corporation for Atmospheric Research
 NCAR Command Language Version 6.1.2
 The use of this software is governed by a License Agreement.
 See http://www.ncl.ucar.edu/ for more details.
(0)	TOTAL DAYS : 182
(0)	DATE : 2012-8-1_7
(0)	NOW READING VIIRS FILE : SVDNB_npp_d20120801_t0720110_e0721352_b03943_c20120801134829639141_noaa_ops.h5
(0)	NOW READING VIIRS FILE : SVDNB_npp_d20120801_t0721364_e0723006_b03943_c20120801134829639141_noaa_ops.h5
(0)	NOW READING VIIRS FILE : SVDNB_npp_d20120801_t0723018_e0724260_b03943_c20120801134829639141_noaa_ops.h5
(0)	NOW READING VIIRS FILE : SVDNB_npp_d20120801_t0724272_e0725514_b03943_c20120801134829639141_noaa_ops.h5
(0)	ACTUAL SELECTED PIXEL # : 82
(0)	2012-8-1_7==130770002
(0)	ACTUAL SELECTED PIXEL # : 82
(0)	2012-8-1_7==130890002
(0)	ACTUAL SELECTED PIXEL # : 84
(0)	2012-8-1_7==131210055
(0)	ACTUAL SELECTED PIXEL # : 82
(0)	2012-8-1_7==131350002
(0)	ACTUAL SELECTED PIXEL # : 84
(0)	2012-8-1_7==131510002


Variable: select_pm
Type: float
Total Size: 7280 bytes
            1820 values
Number of Dimensions: 3
Dimensions and sizes:	[5] x [182] x [2]
Coordinates: 
Number Of Attributes: 1
  _FillValue :	-9999
(0,0,0)	4.7
(0,0,1)	8.4
(0,1,0)	-9999
(0,1,1)	-9999
(0,2,0)	-9999
(0,2,1)	-9999
(0,3,0)	-9999
(0,3,1)	-9999
(0,4,0)	-9999
(0,4,1)	-9999
(0,5,0)	-9999
(0,5,1)	-9999
(0,6,0)	-9999
(0,6,1)	-9999
(0,7,0)	-9999
(0,7,1)	-9999
(0,8,0)	-9999
(0,8,1)	-9999
(0,9,0)	-9999
(0,9,1)	-9999
(0,10,0)	-9999
(0,10,1)	-9999
(0,11,0)	-9999
(0,11,1)	-9999
(0,12,0)	-9999
(0,12,1)	-9999
(0,13,0)	-9999
(0,13,1)	-9999
(0,14,0)	-9999
(0,14,1)	-9999
(0,15,0)	-9999
(0,15,1)	-9999
(0,16,0)	-9999
(0,16,1)	-9999
(0,17,0)	-9999
(0,17,1)	-9999
(0,18,0)	-9999
(0,18,1)	-9999
(0,19,0)	-9999
(0,19,1)	-9999
(0,20,0)	-9999
(0,20,1)	-9999
(0,21,0)	-9999
(0,21,1)	-9999
(0,22,0)	-9999
(0,22,1)	-9999
(0,23,0)	-9999
(0,23,1)	-9999
(0,24,0)	-9999
(0,24,1)	-9999
(0,25,0)	-9999
(0,25,1)	-9999
(0,26,0)	-9999
(0,26,1)	-9999
(0,27,0)	-9999
(0,27,1)	-9999
(0,28,0)	-9999
(0,28,1)	-9999
(0,29,0)	-9999
(0,29,1)	-9999
(0,30,0)	-9999
(0,30,1)	-9999
(0,31,0)	-9999
(0,31,1)	-9999
(0,32,0)	-9999
(0,32,1)	-9999
(0,33,0)	-9999
(0,33,1)	-9999
(0,34,0)	-9999
(0,34,1)	-9999
(0,35,0)	-9999
(0,35,1)	-9999
(0,36,0)	-9999
(0,36,1)	-9999
(0,37,0)	-9999
(0,37,1)	-9999
(0,38,0)	-9999
(0,38,1)	-9999
(0,39,0)	-9999
(0,39,1)	-9999
(0,40,0)	-9999
(0,40,1)	-9999
(0,41,0)	-9999
(0,41,1)	-9999
(0,42,0)	-9999
(0,42,1)	-9999
(0,43,0)	-9999
(0,43,1)	-9999
(0,44,0)	-9999
(0,44,1)	-9999
(0,45,0)	-9999
(0,45,1)	-9999
(0,46,0)	-9999
(0,46,1)	-9999
(0,47,0)	-9999
(0,47,1)	-9999
(0,48,0)	-9999
(0,48,1)	-9999
(0,49,0)	-9999
(0,49,1)	-9999
(0,50,0)	-9999
(0,50,1)	-9999
(0,51,0)	-9999
(0,51,1)	-9999
(0,52,0)	-9999
(0,52,1)	-9999
(0,53,0)	-9999
(0,53,1)	-9999
(0,54,0)	-9999
(0,54,1)	-9999
(0,55,0)	-9999
(0,55,1)	-9999
(0,56,0)	-9999
(0,56,1)	-9999
(0,57,0)	-9999
(0,57,1)	-9999
(0,58,0)	-9999
(0,58,1)	-9999
(0,59,0)	-9999
(0,59,1)	-9999
(0,60,0)	-9999
(0,60,1)	-9999
(0,61,0)	-9999
(0,61,1)	-9999
(0,62,0)	-9999
(0,62,1)	-9999
(0,63,0)	-9999
(0,63,1)	-9999
(0,64,0)	-9999
(0,64,1)	-9999
(0,65,0)	-9999
(0,65,1)	-9999
(0,66,0)	-9999
(0,66,1)	-9999
(0,67,0)	-9999
(0,67,1)	-9999
(0,68,0)	-9999
(0,68,1)	-9999
(0,69,0)	-9999
(0,69,1)	-9999
(0,70,0)	-9999
(0,70,1)	-9999
(0,71,0)	-9999
(0,71,1)	-9999
(0,72,0)	-9999
(0,72,1)	-9999
(0,73,0)	-9999
(0,73,1)	-9999
(0,74,0)	-9999
(0,74,1)	-9999
(0,75,0)	-9999
(0,75,1)	-9999
(0,76,0)	-9999
(0,76,1)	-9999
(0,77,0)	-9999
(0,77,1)	-9999
(0,78,0)	-9999
(0,78,1)	-9999
(0,79,0)	-9999
(0,79,1)	-9999
(0,80,0)	-9999
(0,80,1)	-9999
(0,81,0)	-9999
(0,81,1)	-9999
(0,82,0)	-9999
(0,82,1)	-9999
(0,83,0)	-9999
(0,83,1)	-9999
(0,84,0)	-9999
(0,84,1)	-9999
(0,85,0)	-9999
(0,85,1)	-9999
(0,86,0)	-9999
(0,86,1)	-9999
(0,87,0)	-9999
(0,87,1)	-9999
(0,88,0)	-9999
(0,88,1)	-9999
(0,89,0)	-9999
(0,89,1)	-9999
(0,90,0)	-9999
(0,90,1)	-9999
(0,91,0)	-9999
(0,91,1)	-9999
(0,92,0)	-9999
(0,92,1)	-9999
(0,93,0)	-9999
(0,93,1)	-9999
(0,94,0)	-9999
(0,94,1)	-9999
(0,95,0)	-9999
(0,95,1)	-9999
(0,96,0)	-9999
(0,96,1)	-9999
(0,97,0)	-9999
(0,97,1)	-9999
(0,98,0)	-9999
(0,98,1)	-9999
(0,99,0)	-9999
(0,99,1)	-9999
(0,100,0)	-9999
(0,100,1)	-9999
(0,101,0)	-9999
(0,101,1)	-9999
(0,102,0)	-9999
(0,102,1)	-9999
(0,103,0)	-9999
(0,103,1)	-9999
(0,104,0)	-9999
(0,104,1)	-9999
(0,105,0)	-9999
(0,105,1)	-9999
(0,106,0)	-9999
(0,106,1)	-9999
(0,107,0)	-9999
(0,107,1)	-9999
(0,108,0)	-9999
(0,108,1)	-9999
(0,109,0)	-9999
(0,109,1)	-9999
(0,110,0)	-9999
(0,110,1)	-9999
(0,111,0)	-9999
(0,111,1)	-9999
(0,112,0)	-9999
(0,112,1)	-9999
(0,113,0)	-9999
(0,113,1)	-9999
(0,114,0)	-9999
(0,114,1)	-9999
(0,115,0)	-9999
(0,115,1)	-9999
(0,116,0)	-9999
(0,116,1)	-9999
(0,117,0)	-9999
(0,117,1)	-9999
(0,118,0)	-9999
(0,118,1)	-9999
(0,119,0)	-9999
(0,119,1)	-9999
(0,120,0)	-9999
(0,120,1)	-9999
(0,121,0)	-9999
(0,121,1)	-9999
(0,122,0)	-9999
(0,122,1)	-9999
(0,123,0)	-9999
(0,123,1)	-9999
(0,124,0)	-9999
(0,124,1)	-9999
(0,125,0)	-9999
(0,125,1)	-9999
(0,126,0)	-9999
(0,126,1)	-9999
(0,127,0)	-9999
(0,127,1)	-9999
(0,128,0)	-9999
(0,128,1)	-9999
(0,129,0)	-9999
(0,129,1)	-9999
(0,130,0)	-9999
(0,130,1)	-9999
(0,131,0)	-9999
(0,131,1)	-9999
(0,132,0)	-9999
(0,132,1)	-9999
(0,133,0)	-9999
(0,133,1)	-9999
(0,134,0)	-9999
(0,134,1)	-9999
(0,135,0)	-9999
(0,135,1)	-9999
(0,136,0)	-9999
(0,136,1)	-9999
(0,137,0)	-9999
(0,137,1)	-9999
(0,138,0)	-9999
(0,138,1)	-9999
(0,139,0)	-9999
(0,139,1)	-9999
(0,140,0)	-9999
(0,140,1)	-9999
(0,141,0)	-9999
(0,141,1)	-9999
(0,142,0)	-9999
(0,142,1)	-9999
(0,143,0)	-9999
(0,143,1)	-9999
(0,144,0)	-9999
(0,144,1)	-9999
(0,145,0)	-9999
(0,145,1)	-9999
(0,146,0)	-9999
(0,146,1)	-9999
(0,147,0)	-9999
(0,147,1)	-9999
(0,148,0)	-9999
(0,148,1)	-9999
(0,149,0)	-9999
(0,149,1)	-9999
(0,150,0)	-9999
(0,150,1)	-9999
(0,151,0)	-9999
(0,151,1)	-9999
(0,152,0)	-9999
(0,152,1)	-9999
(0,153,0)	-9999
(0,153,1)	-9999
(0,154,0)	-9999
(0,154,1)	-9999
(0,155,0)	-9999
(0,155,1)	-9999
(0,156,0)	-9999
(0,156,1)	-9999
(0,157,0)	-9999
(0,157,1)	-9999
(0,158,0)	-9999
(0,158,1)	-9999
(0,159,0)	-9999
(0,159,1)	-9999
(0,160,0)	-9999
(0,160,1)	-9999
(0,161,0)	-9999
(0,161,1)	-9999
(0,162,0)	-9999
(0,162,1)	-9999
(0,163,0)	-9999
(0,163,1)	-9999
(0,164,0)	-9999
(0,164,1)	-9999
(0,165,0)	-9999
(0,165,1)	-9999
(0,166,0)	-9999
(0,166,1)	-9999
(0,167,0)	-9999
(0,167,1)	-9999
(0,168,0)	-9999
(0,168,1)	-9999
(0,169,0)	-9999
(0,169,1)	-9999
(0,170,0)	-9999
(0,170,1)	-9999
(0,171,0)	-9999
(0,171,1)	-9999
(0,172,0)	-9999
(0,172,1)	-9999
(0,173,0)	-9999
(0,173,1)	-9999
(0,174,0)	-9999
(0,174,1)	-9999
(0,175,0)	-9999
(0,175,1)	-9999
(0,176,0)	-9999
(0,176,1)	-9999
(0,177,0)	-9999
(0,177,1)	-9999
(0,178,0)	-9999
(0,178,1)	-9999
(0,179,0)	-9999
(0,179,1)	-9999
(0,180,0)	-9999
(0,180,1)	-9999
(0,181,0)	-9999
(0,181,1)	-9999
(1,0,0)	14
(1,0,1)	13
(1,1,0)	-9999
(1,1,1)	-9999
(1,2,0)	-9999
(1,2,1)	-9999
(1,3,0)	-9999
(1,3,1)	-9999
(1,4,0)	-9999
(1,4,1)	-9999
(1,5,0)	-9999
(1,5,1)	-9999
(1,6,0)	-9999
(1,6,1)	-9999
(1,7,0)	-9999
(1,7,1)	-9999
(1,8,0)	-9999
(1,8,1)	-9999
(1,9,0)	-9999
(1,9,1)	-9999
(1,10,0)	-9999
(1,10,1)	-9999
(1,11,0)	-9999
(1,11,1)	-9999
(1,12,0)	-9999
(1,12,1)	-9999
(1,13,0)	-9999
(1,13,1)	-9999
(1,14,0)	-9999
(1,14,1)	-9999
(1,15,0)	-9999
(1,15,1)	-9999
(1,16,0)	-9999
(1,16,1)	-9999
(1,17,0)	-9999
(1,17,1)	-9999
(1,18,0)	-9999
(1,18,1)	-9999
(1,19,0)	-9999
(1,19,1)	-9999
(1,20,0)	-9999
(1,20,1)	-9999
(1,21,0)	-9999
(1,21,1)	-9999
(1,22,0)	-9999
(1,22,1)	-9999
(1,23,0)	-9999
(1,23,1)	-9999
(1,24,0)	-9999
(1,24,1)	-9999
(1,25,0)	-9999
(1,25,1)	-9999
(1,26,0)	-9999
(1,26,1)	-9999
(1,27,0)	-9999
(1,27,1)	-9999
(1,28,0)	-9999
(1,28,1)	-9999
(1,29,0)	-9999
(1,29,1)	-9999
(1,30,0)	-9999
(1,30,1)	-9999
(1,31,0)	-9999
(1,31,1)	-9999
(1,32,0)	-9999
(1,32,1)	-9999
(1,33,0)	-9999
(1,33,1)	-9999
(1,34,0)	-9999
(1,34,1)	-9999
(1,35,0)	-9999
(1,35,1)	-9999
(1,36,0)	-9999
(1,36,1)	-9999
(1,37,0)	-9999
(1,37,1)	-9999
(1,38,0)	-9999
(1,38,1)	-9999
(1,39,0)	-9999
(1,39,1)	-9999
(1,40,0)	-9999
(1,40,1)	-9999
(1,41,0)	-9999
(1,41,1)	-9999
(1,42,0)	-9999
(1,42,1)	-9999
(1,43,0)	-9999
(1,43,1)	-9999
(1,44,0)	-9999
(1,44,1)	-9999
(1,45,0)	-9999
(1,45,1)	-9999
(1,46,0)	-9999
(1,46,1)	-9999
(1,47,0)	-9999
(1,47,1)	-9999
(1,48,0)	-9999
(1,48,1)	-9999
(1,49,0)	-9999
(1,49,1)	-9999
(1,50,0)	-9999
(1,50,1)	-9999
(1,51,0)	-9999
(1,51,1)	-9999
(1,52,0)	-9999
(1,52,1)	-9999
(1,53,0)	-9999
(1,53,1)	-9999
(1,54,0)	-9999
(1,54,1)	-9999
(1,55,0)	-9999
(1,55,1)	-9999
(1,56,0)	-9999
(1,56,1)	-9999
(1,57,0)	-9999
(1,57,1)	-9999
(1,58,0)	-9999
(1,58,1)	-9999
(1,59,0)	-9999
(1,59,1)	-9999
(1,60,0)	-9999
(1,60,1)	-9999
(1,61,0)	-9999
(1,61,1)	-9999
(1,62,0)	-9999
(1,62,1)	-9999
(1,63,0)	-9999
(1,63,1)	-9999
(1,64,0)	-9999
(1,64,1)	-9999
(1,65,0)	-9999
(1,65,1)	-9999
(1,66,0)	-9999
(1,66,1)	-9999
(1,67,0)	-9999
(1,67,1)	-9999
(1,68,0)	-9999
(1,68,1)	-9999
(1,69,0)	-9999
(1,69,1)	-9999
(1,70,0)	-9999
(1,70,1)	-9999
(1,71,0)	-9999
(1,71,1)	-9999
(1,72,0)	-9999
(1,72,1)	-9999
(1,73,0)	-9999
(1,73,1)	-9999
(1,74,0)	-9999
(1,74,1)	-9999
(1,75,0)	-9999
(1,75,1)	-9999
(1,76,0)	-9999
(1,76,1)	-9999
(1,77,0)	-9999
(1,77,1)	-9999
(1,78,0)	-9999
(1,78,1)	-9999
(1,79,0)	-9999
(1,79,1)	-9999
(1,80,0)	-9999
(1,80,1)	-9999
(1,81,0)	-9999
(1,81,1)	-9999
(1,82,0)	-9999
(1,82,1)	-9999
(1,83,0)	-9999
(1,83,1)	-9999
(1,84,0)	-9999
(1,84,1)	-9999
(1,85,0)	-9999
(1,85,1)	-9999
(1,86,0)	-9999
(1,86,1)	-9999
(1,87,0)	-9999
(1,87,1)	-9999
(1,88,0)	-9999
(1,88,1)	-9999
(1,89,0)	-9999
(1,89,1)	-9999
(1,90,0)	-9999
(1,90,1)	-9999
(1,91,0)	-9999
(1,91,1)	-9999
(1,92,0)	-9999
(1,92,1)	-9999
(1,93,0)	-9999
(1,93,1)	-9999
(1,94,0)	-9999
(1,94,1)	-9999
(1,95,0)	-9999
(1,95,1)	-9999
(1,96,0)	-9999
(1,96,1)	-9999
(1,97,0)	-9999
(1,97,1)	-9999
(1,98,0)	-9999
(1,98,1)	-9999
(1,99,0)	-9999
(1,99,1)	-9999
(1,100,0)	-9999
(1,100,1)	-9999
(1,101,0)	-9999
(1,101,1)	-9999
(1,102,0)	-9999
(1,102,1)	-9999
(1,103,0)	-9999
(1,103,1)	-9999
(1,104,0)	-9999
(1,104,1)	-9999
(1,105,0)	-9999
(1,105,1)	-9999
(1,106,0)	-9999
(1,106,1)	-9999
(1,107,0)	-9999
(1,107,1)	-9999
(1,108,0)	-9999
(1,108,1)	-9999
(1,109,0)	-9999
(1,109,1)	-9999
(1,110,0)	-9999
(1,110,1)	-9999
(1,111,0)	-9999
(1,111,1)	-9999
(1,112,0)	-9999
(1,112,1)	-9999
(1,113,0)	-9999
(1,113,1)	-9999
(1,114,0)	-9999
(1,114,1)	-9999
(1,115,0)	-9999
(1,115,1)	-9999
(1,116,0)	-9999
(1,116,1)	-9999
(1,117,0)	-9999
(1,117,1)	-9999
(1,118,0)	-9999
(1,118,1)	-9999
(1,119,0)	-9999
(1,119,1)	-9999
(1,120,0)	-9999
(1,120,1)	-9999
(1,121,0)	-9999
(1,121,1)	-9999
(1,122,0)	-9999
(1,122,1)	-9999
(1,123,0)	-9999
(1,123,1)	-9999
(1,124,0)	-9999
(1,124,1)	-9999
(1,125,0)	-9999
(1,125,1)	-9999
(1,126,0)	-9999
(1,126,1)	-9999
(1,127,0)	-9999
(1,127,1)	-9999
(1,128,0)	-9999
(1,128,1)	-9999
(1,129,0)	-9999
(1,129,1)	-9999
(1,130,0)	-9999
(1,130,1)	-9999
(1,131,0)	-9999
(1,131,1)	-9999
(1,132,0)	-9999
(1,132,1)	-9999
(1,133,0)	-9999
(1,133,1)	-9999
(1,134,0)	-9999
(1,134,1)	-9999
(1,135,0)	-9999
(1,135,1)	-9999
(1,136,0)	-9999
(1,136,1)	-9999
(1,137,0)	-9999
(1,137,1)	-9999
(1,138,0)	-9999
(1,138,1)	-9999
(1,139,0)	-9999
(1,139,1)	-9999
(1,140,0)	-9999
(1,140,1)	-9999
(1,141,0)	-9999
(1,141,1)	-9999
(1,142,0)	-9999
(1,142,1)	-9999
(1,143,0)	-9999
(1,143,1)	-9999
(1,144,0)	-9999
(1,144,1)	-9999
(1,145,0)	-9999
(1,145,1)	-9999
(1,146,0)	-9999
(1,146,1)	-9999
(1,147,0)	-9999
(1,147,1)	-9999
(1,148,0)	-9999
(1,148,1)	-9999
(1,149,0)	-9999
(1,149,1)	-9999
(1,150,0)	-9999
(1,150,1)	-9999
(1,151,0)	-9999
(1,151,1)	-9999
(1,152,0)	-9999
(1,152,1)	-9999
(1,153,0)	-9999
(1,153,1)	-9999
(1,154,0)	-9999
(1,154,1)	-9999
(1,155,0)	-9999
(1,155,1)	-9999
(1,156,0)	-9999
(1,156,1)	-9999
(1,157,0)	-9999
(1,157,1)	-9999
(1,158,0)	-9999
(1,158,1)	-9999
(1,159,0)	-9999
(1,159,1)	-9999
(1,160,0)	-9999
(1,160,1)	-9999
(1,161,0)	-9999
(1,161,1)	-9999
(1,162,0)	-9999
(1,162,1)	-9999
(1,163,0)	-9999
(1,163,1)	-9999
(1,164,0)	-9999
(1,164,1)	-9999
(1,165,0)	-9999
(1,165,1)	-9999
(1,166,0)	-9999
(1,166,1)	-9999
(1,167,0)	-9999
(1,167,1)	-9999
(1,168,0)	-9999
(1,168,1)	-9999
(1,169,0)	-9999
(1,169,1)	-9999
(1,170,0)	-9999
(1,170,1)	-9999
(1,171,0)	-9999
(1,171,1)	-9999
(1,172,0)	-9999
(1,172,1)	-9999
(1,173,0)	-9999
(1,173,1)	-9999
(1,174,0)	-9999
(1,174,1)	-9999
(1,175,0)	-9999
(1,175,1)	-9999
(1,176,0)	-9999
(1,176,1)	-9999
(1,177,0)	-9999
(1,177,1)	-9999
(1,178,0)	-9999
(1,178,1)	-9999
(1,179,0)	-9999
(1,179,1)	-9999
(1,180,0)	-9999
(1,180,1)	-9999
(1,181,0)	-9999
(1,181,1)	-9999
(2,0,0)	10.5
(2,0,1)	13.7
(2,1,0)	-9999
(2,1,1)	-9999
(2,2,0)	-9999
(2,2,1)	-9999
(2,3,0)	-9999
(2,3,1)	-9999
(2,4,0)	-9999
(2,4,1)	-9999
(2,5,0)	-9999
(2,5,1)	-9999
(2,6,0)	-9999
(2,6,1)	-9999
(2,7,0)	-9999
(2,7,1)	-9999
(2,8,0)	-9999
(2,8,1)	-9999
(2,9,0)	-9999
(2,9,1)	-9999
(2,10,0)	-9999
(2,10,1)	-9999
(2,11,0)	-9999
(2,11,1)	-9999
(2,12,0)	-9999
(2,12,1)	-9999
(2,13,0)	-9999
(2,13,1)	-9999
(2,14,0)	-9999
(2,14,1)	-9999
(2,15,0)	-9999
(2,15,1)	-9999
(2,16,0)	-9999
(2,16,1)	-9999
(2,17,0)	-9999
(2,17,1)	-9999
(2,18,0)	-9999
(2,18,1)	-9999
(2,19,0)	-9999
(2,19,1)	-9999
(2,20,0)	-9999
(2,20,1)	-9999
(2,21,0)	-9999
(2,21,1)	-9999
(2,22,0)	-9999
(2,22,1)	-9999
(2,23,0)	-9999
(2,23,1)	-9999
(2,24,0)	-9999
(2,24,1)	-9999
(2,25,0)	-9999
(2,25,1)	-9999
(2,26,0)	-9999
(2,26,1)	-9999
(2,27,0)	-9999
(2,27,1)	-9999
(2,28,0)	-9999
(2,28,1)	-9999
(2,29,0)	-9999
(2,29,1)	-9999
(2,30,0)	-9999
(2,30,1)	-9999
(2,31,0)	-9999
(2,31,1)	-9999
(2,32,0)	-9999
(2,32,1)	-9999
(2,33,0)	-9999
(2,33,1)	-9999
(2,34,0)	-9999
(2,34,1)	-9999
(2,35,0)	-9999
(2,35,1)	-9999
(2,36,0)	-9999
(2,36,1)	-9999
(2,37,0)	-9999
(2,37,1)	-9999
(2,38,0)	-9999
(2,38,1)	-9999
(2,39,0)	-9999
(2,39,1)	-9999
(2,40,0)	-9999
(2,40,1)	-9999
(2,41,0)	-9999
(2,41,1)	-9999
(2,42,0)	-9999
(2,42,1)	-9999
(2,43,0)	-9999
(2,43,1)	-9999
(2,44,0)	-9999
(2,44,1)	-9999
(2,45,0)	-9999
(2,45,1)	-9999
(2,46,0)	-9999
(2,46,1)	-9999
(2,47,0)	-9999
(2,47,1)	-9999
(2,48,0)	-9999
(2,48,1)	-9999
(2,49,0)	-9999
(2,49,1)	-9999
(2,50,0)	-9999
(2,50,1)	-9999
(2,51,0)	-9999
(2,51,1)	-9999
(2,52,0)	-9999
(2,52,1)	-9999
(2,53,0)	-9999
(2,53,1)	-9999
(2,54,0)	-9999
(2,54,1)	-9999
(2,55,0)	-9999
(2,55,1)	-9999
(2,56,0)	-9999
(2,56,1)	-9999
(2,57,0)	-9999
(2,57,1)	-9999
(2,58,0)	-9999
(2,58,1)	-9999
(2,59,0)	-9999
(2,59,1)	-9999
(2,60,0)	-9999
(2,60,1)	-9999
(2,61,0)	-9999
(2,61,1)	-9999
(2,62,0)	-9999
(2,62,1)	-9999
(2,63,0)	-9999
(2,63,1)	-9999
(2,64,0)	-9999
(2,64,1)	-9999
(2,65,0)	-9999
(2,65,1)	-9999
(2,66,0)	-9999
(2,66,1)	-9999
(2,67,0)	-9999
(2,67,1)	-9999
(2,68,0)	-9999
(2,68,1)	-9999
(2,69,0)	-9999
(2,69,1)	-9999
(2,70,0)	-9999
(2,70,1)	-9999
(2,71,0)	-9999
(2,71,1)	-9999
(2,72,0)	-9999
(2,72,1)	-9999
(2,73,0)	-9999
(2,73,1)	-9999
(2,74,0)	-9999
(2,74,1)	-9999
(2,75,0)	-9999
(2,75,1)	-9999
(2,76,0)	-9999
(2,76,1)	-9999
(2,77,0)	-9999
(2,77,1)	-9999
(2,78,0)	-9999
(2,78,1)	-9999
(2,79,0)	-9999
(2,79,1)	-9999
(2,80,0)	-9999
(2,80,1)	-9999
(2,81,0)	-9999
(2,81,1)	-9999
(2,82,0)	-9999
(2,82,1)	-9999
(2,83,0)	-9999
(2,83,1)	-9999
(2,84,0)	-9999
(2,84,1)	-9999
(2,85,0)	-9999
(2,85,1)	-9999
(2,86,0)	-9999
(2,86,1)	-9999
(2,87,0)	-9999
(2,87,1)	-9999
(2,88,0)	-9999
(2,88,1)	-9999
(2,89,0)	-9999
(2,89,1)	-9999
(2,90,0)	-9999
(2,90,1)	-9999
(2,91,0)	-9999
(2,91,1)	-9999
(2,92,0)	-9999
(2,92,1)	-9999
(2,93,0)	-9999
(2,93,1)	-9999
(2,94,0)	-9999
(2,94,1)	-9999
(2,95,0)	-9999
(2,95,1)	-9999
(2,96,0)	-9999
(2,96,1)	-9999
(2,97,0)	-9999
(2,97,1)	-9999
(2,98,0)	-9999
(2,98,1)	-9999
(2,99,0)	-9999
(2,99,1)	-9999
(2,100,0)	-9999
(2,100,1)	-9999
(2,101,0)	-9999
(2,101,1)	-9999
(2,102,0)	-9999
(2,102,1)	-9999
(2,103,0)	-9999
(2,103,1)	-9999
(2,104,0)	-9999
(2,104,1)	-9999
(2,105,0)	-9999
(2,105,1)	-9999
(2,106,0)	-9999
(2,106,1)	-9999
(2,107,0)	-9999
(2,107,1)	-9999
(2,108,0)	-9999
(2,108,1)	-9999
(2,109,0)	-9999
(2,109,1)	-9999
(2,110,0)	-9999
(2,110,1)	-9999
(2,111,0)	-9999
(2,111,1)	-9999
(2,112,0)	-9999
(2,112,1)	-9999
(2,113,0)	-9999
(2,113,1)	-9999
(2,114,0)	-9999
(2,114,1)	-9999
(2,115,0)	-9999
(2,115,1)	-9999
(2,116,0)	-9999
(2,116,1)	-9999
(2,117,0)	-9999
(2,117,1)	-9999
(2,118,0)	-9999
(2,118,1)	-9999
(2,119,0)	-9999
(2,119,1)	-9999
(2,120,0)	-9999
(2,120,1)	-9999
(2,121,0)	-9999
(2,121,1)	-9999
(2,122,0)	-9999
(2,122,1)	-9999
(2,123,0)	-9999
(2,123,1)	-9999
(2,124,0)	-9999
(2,124,1)	-9999
(2,125,0)	-9999
(2,125,1)	-9999
(2,126,0)	-9999
(2,126,1)	-9999
(2,127,0)	-9999
(2,127,1)	-9999
(2,128,0)	-9999
(2,128,1)	-9999
(2,129,0)	-9999
(2,129,1)	-9999
(2,130,0)	-9999
(2,130,1)	-9999
(2,131,0)	-9999
(2,131,1)	-9999
(2,132,0)	-9999
(2,132,1)	-9999
(2,133,0)	-9999
(2,133,1)	-9999
(2,134,0)	-9999
(2,134,1)	-9999
(2,135,0)	-9999
(2,135,1)	-9999
(2,136,0)	-9999
(2,136,1)	-9999
(2,137,0)	-9999
(2,137,1)	-9999
(2,138,0)	-9999
(2,138,1)	-9999
(2,139,0)	-9999
(2,139,1)	-9999
(2,140,0)	-9999
(2,140,1)	-9999
(2,141,0)	-9999
(2,141,1)	-9999
(2,142,0)	-9999
(2,142,1)	-9999
(2,143,0)	-9999
(2,143,1)	-9999
(2,144,0)	-9999
(2,144,1)	-9999
(2,145,0)	-9999
(2,145,1)	-9999
(2,146,0)	-9999
(2,146,1)	-9999
(2,147,0)	-9999
(2,147,1)	-9999
(2,148,0)	-9999
(2,148,1)	-9999
(2,149,0)	-9999
(2,149,1)	-9999
(2,150,0)	-9999
(2,150,1)	-9999
(2,151,0)	-9999
(2,151,1)	-9999
(2,152,0)	-9999
(2,152,1)	-9999
(2,153,0)	-9999
(2,153,1)	-9999
(2,154,0)	-9999
(2,154,1)	-9999
(2,155,0)	-9999
(2,155,1)	-9999
(2,156,0)	-9999
(2,156,1)	-9999
(2,157,0)	-9999
(2,157,1)	-9999
(2,158,0)	-9999
(2,158,1)	-9999
(2,159,0)	-9999
(2,159,1)	-9999
(2,160,0)	-9999
(2,160,1)	-9999
(2,161,0)	-9999
(2,161,1)	-9999
(2,162,0)	-9999
(2,162,1)	-9999
(2,163,0)	-9999
(2,163,1)	-9999
(2,164,0)	-9999
(2,164,1)	-9999
(2,165,0)	-9999
(2,165,1)	-9999
(2,166,0)	-9999
(2,166,1)	-9999
(2,167,0)	-9999
(2,167,1)	-9999
(2,168,0)	-9999
(2,168,1)	-9999
(2,169,0)	-9999
(2,169,1)	-9999
(2,170,0)	-9999
(2,170,1)	-9999
(2,171,0)	-9999
(2,171,1)	-9999
(2,172,0)	-9999
(2,172,1)	-9999
(2,173,0)	-9999
(2,173,1)	-9999
(2,174,0)	-9999
(2,174,1)	-9999
(2,175,0)	-9999
(2,175,1)	-9999
(2,176,0)	-9999
(2,176,1)	-9999
(2,177,0)	-9999
(2,177,1)	-9999
(2,178,0)	-9999
(2,178,1)	-9999
(2,179,0)	-9999
(2,179,1)	-9999
(2,180,0)	-9999
(2,180,1)	-9999
(2,181,0)	-9999
(2,181,1)	-9999
(3,0,0)	14.8
(3,0,1)	14.5
(3,1,0)	-9999
(3,1,1)	-9999
(3,2,0)	-9999
(3,2,1)	-9999
(3,3,0)	-9999
(3,3,1)	-9999
(3,4,0)	-9999
(3,4,1)	-9999
(3,5,0)	-9999
(3,5,1)	-9999
(3,6,0)	-9999
(3,6,1)	-9999
(3,7,0)	-9999
(3,7,1)	-9999
(3,8,0)	-9999
(3,8,1)	-9999
(3,9,0)	-9999
(3,9,1)	-9999
(3,10,0)	-9999
(3,10,1)	-9999
(3,11,0)	-9999
(3,11,1)	-9999
(3,12,0)	-9999
(3,12,1)	-9999
(3,13,0)	-9999
(3,13,1)	-9999
(3,14,0)	-9999
(3,14,1)	-9999
(3,15,0)	-9999
(3,15,1)	-9999
(3,16,0)	-9999
(3,16,1)	-9999
(3,17,0)	-9999
(3,17,1)	-9999
(3,18,0)	-9999
(3,18,1)	-9999
(3,19,0)	-9999
(3,19,1)	-9999
(3,20,0)	-9999
(3,20,1)	-9999
(3,21,0)	-9999
(3,21,1)	-9999
(3,22,0)	-9999
(3,22,1)	-9999
(3,23,0)	-9999
(3,23,1)	-9999
(3,24,0)	-9999
(3,24,1)	-9999
(3,25,0)	-9999
(3,25,1)	-9999
(3,26,0)	-9999
(3,26,1)	-9999
(3,27,0)	-9999
(3,27,1)	-9999
(3,28,0)	-9999
(3,28,1)	-9999
(3,29,0)	-9999
(3,29,1)	-9999
(3,30,0)	-9999
(3,30,1)	-9999
(3,31,0)	-9999
(3,31,1)	-9999
(3,32,0)	-9999
(3,32,1)	-9999
(3,33,0)	-9999
(3,33,1)	-9999
(3,34,0)	-9999
(3,34,1)	-9999
(3,35,0)	-9999
(3,35,1)	-9999
(3,36,0)	-9999
(3,36,1)	-9999
(3,37,0)	-9999
(3,37,1)	-9999
(3,38,0)	-9999
(3,38,1)	-9999
(3,39,0)	-9999
(3,39,1)	-9999
(3,40,0)	-9999
(3,40,1)	-9999
(3,41,0)	-9999
(3,41,1)	-9999
(3,42,0)	-9999
(3,42,1)	-9999
(3,43,0)	-9999
(3,43,1)	-9999
(3,44,0)	-9999
(3,44,1)	-9999
(3,45,0)	-9999
(3,45,1)	-9999
(3,46,0)	-9999
(3,46,1)	-9999
(3,47,0)	-9999
(3,47,1)	-9999
(3,48,0)	-9999
(3,48,1)	-9999
(3,49,0)	-9999
(3,49,1)	-9999
(3,50,0)	-9999
(3,50,1)	-9999
(3,51,0)	-9999
(3,51,1)	-9999
(3,52,0)	-9999
(3,52,1)	-9999
(3,53,0)	-9999
(3,53,1)	-9999
(3,54,0)	-9999
(3,54,1)	-9999
(3,55,0)	-9999
(3,55,1)	-9999
(3,56,0)	-9999
(3,56,1)	-9999
(3,57,0)	-9999
(3,57,1)	-9999
(3,58,0)	-9999
(3,58,1)	-9999
(3,59,0)	-9999
(3,59,1)	-9999
(3,60,0)	-9999
(3,60,1)	-9999
(3,61,0)	-9999
(3,61,1)	-9999
(3,62,0)	-9999
(3,62,1)	-9999
(3,63,0)	-9999
(3,63,1)	-9999
(3,64,0)	-9999
(3,64,1)	-9999
(3,65,0)	-9999
(3,65,1)	-9999
(3,66,0)	-9999
(3,66,1)	-9999
(3,67,0)	-9999
(3,67,1)	-9999
(3,68,0)	-9999
(3,68,1)	-9999
(3,69,0)	-9999
(3,69,1)	-9999
(3,70,0)	-9999
(3,70,1)	-9999
(3,71,0)	-9999
(3,71,1)	-9999
(3,72,0)	-9999
(3,72,1)	-9999
(3,73,0)	-9999
(3,73,1)	-9999
(3,74,0)	-9999
(3,74,1)	-9999
(3,75,0)	-9999
(3,75,1)	-9999
(3,76,0)	-9999
(3,76,1)	-9999
(3,77,0)	-9999
(3,77,1)	-9999
(3,78,0)	-9999
(3,78,1)	-9999
(3,79,0)	-9999
(3,79,1)	-9999
(3,80,0)	-9999
(3,80,1)	-9999
(3,81,0)	-9999
(3,81,1)	-9999
(3,82,0)	-9999
(3,82,1)	-9999
(3,83,0)	-9999
(3,83,1)	-9999
(3,84,0)	-9999
(3,84,1)	-9999
(3,85,0)	-9999
(3,85,1)	-9999
(3,86,0)	-9999
(3,86,1)	-9999
(3,87,0)	-9999
(3,87,1)	-9999
(3,88,0)	-9999
(3,88,1)	-9999
(3,89,0)	-9999
(3,89,1)	-9999
(3,90,0)	-9999
(3,90,1)	-9999
(3,91,0)	-9999
(3,91,1)	-9999
(3,92,0)	-9999
(3,92,1)	-9999
(3,93,0)	-9999
(3,93,1)	-9999
(3,94,0)	-9999
(3,94,1)	-9999
(3,95,0)	-9999
(3,95,1)	-9999
(3,96,0)	-9999
(3,96,1)	-9999
(3,97,0)	-9999
(3,97,1)	-9999
(3,98,0)	-9999
(3,98,1)	-9999
(3,99,0)	-9999
(3,99,1)	-9999
(3,100,0)	-9999
(3,100,1)	-9999
(3,101,0)	-9999
(3,101,1)	-9999
(3,102,0)	-9999
(3,102,1)	-9999
(3,103,0)	-9999
(3,103,1)	-9999
(3,104,0)	-9999
(3,104,1)	-9999
(3,105,0)	-9999
(3,105,1)	-9999
(3,106,0)	-9999
(3,106,1)	-9999
(3,107,0)	-9999
(3,107,1)	-9999
(3,108,0)	-9999
(3,108,1)	-9999
(3,109,0)	-9999
(3,109,1)	-9999
(3,110,0)	-9999
(3,110,1)	-9999
(3,111,0)	-9999
(3,111,1)	-9999
(3,112,0)	-9999
(3,112,1)	-9999
(3,113,0)	-9999
(3,113,1)	-9999
(3,114,0)	-9999
(3,114,1)	-9999
(3,115,0)	-9999
(3,115,1)	-9999
(3,116,0)	-9999
(3,116,1)	-9999
(3,117,0)	-9999
(3,117,1)	-9999
(3,118,0)	-9999
(3,118,1)	-9999
(3,119,0)	-9999
(3,119,1)	-9999
(3,120,0)	-9999
(3,120,1)	-9999
(3,121,0)	-9999
(3,121,1)	-9999
(3,122,0)	-9999
(3,122,1)	-9999
(3,123,0)	-9999
(3,123,1)	-9999
(3,124,0)	-9999
(3,124,1)	-9999
(3,125,0)	-9999
(3,125,1)	-9999
(3,126,0)	-9999
(3,126,1)	-9999
(3,127,0)	-9999
(3,127,1)	-9999
(3,128,0)	-9999
(3,128,1)	-9999
(3,129,0)	-9999
(3,129,1)	-9999
(3,130,0)	-9999
(3,130,1)	-9999
(3,131,0)	-9999
(3,131,1)	-9999
(3,132,0)	-9999
(3,132,1)	-9999
(3,133,0)	-9999
(3,133,1)	-9999
(3,134,0)	-9999
(3,134,1)	-9999
(3,135,0)	-9999
(3,135,1)	-9999
(3,136,0)	-9999
(3,136,1)	-9999
(3,137,0)	-9999
(3,137,1)	-9999
(3,138,0)	-9999
(3,138,1)	-9999
(3,139,0)	-9999
(3,139,1)	-9999
(3,140,0)	-9999
(3,140,1)	-9999
(3,141,0)	-9999
(3,141,1)	-9999
(3,142,0)	-9999
(3,142,1)	-9999
(3,143,0)	-9999
(3,143,1)	-9999
(3,144,0)	-9999
(3,144,1)	-9999
(3,145,0)	-9999
(3,145,1)	-9999
(3,146,0)	-9999
(3,146,1)	-9999
(3,147,0)	-9999
(3,147,1)	-9999
(3,148,0)	-9999
(3,148,1)	-9999
(3,149,0)	-9999
(3,149,1)	-9999
(3,150,0)	-9999
(3,150,1)	-9999
(3,151,0)	-9999
(3,151,1)	-9999
(3,152,0)	-9999
(3,152,1)	-9999
(3,153,0)	-9999
(3,153,1)	-9999
(3,154,0)	-9999
(3,154,1)	-9999
(3,155,0)	-9999
(3,155,1)	-9999
(3,156,0)	-9999
(3,156,1)	-9999
(3,157,0)	-9999
(3,157,1)	-9999
(3,158,0)	-9999
(3,158,1)	-9999
(3,159,0)	-9999
(3,159,1)	-9999
(3,160,0)	-9999
(3,160,1)	-9999
(3,161,0)	-9999
(3,161,1)	-9999
(3,162,0)	-9999
(3,162,1)	-9999
(3,163,0)	-9999
(3,163,1)	-9999
(3,164,0)	-9999
(3,164,1)	-9999
(3,165,0)	-9999
(3,165,1)	-9999
(3,166,0)	-9999
(3,166,1)	-9999
(3,167,0)	-9999
(3,167,1)	-9999
(3,168,0)	-9999
(3,168,1)	-9999
(3,169,0)	-9999
(3,169,1)	-9999
(3,170,0)	-9999
(3,170,1)	-9999
(3,171,0)	-9999
(3,171,1)	-9999
(3,172,0)	-9999
(3,172,1)	-9999
(3,173,0)	-9999
(3,173,1)	-9999
(3,174,0)	-9999
(3,174,1)	-9999
(3,175,0)	-9999
(3,175,1)	-9999
(3,176,0)	-9999
(3,176,1)	-9999
(3,177,0)	-9999
(3,177,1)	-9999
(3,178,0)	-9999
(3,178,1)	-9999
(3,179,0)	-9999
(3,179,1)	-9999
(3,180,0)	-9999
(3,180,1)	-9999
(3,181,0)	-9999
(3,181,1)	-9999
(4,0,0)	8.3
(4,0,1)	10.6
(4,1,0)	-9999
(4,1,1)	-9999
(4,2,0)	-9999
(4,2,1)	-9999
(4,3,0)	-9999
(4,3,1)	-9999
(4,4,0)	-9999
(4,4,1)	-9999
(4,5,0)	-9999
(4,5,1)	-9999
(4,6,0)	-9999
(4,6,1)	-9999
(4,7,0)	-9999
(4,7,1)	-9999
(4,8,0)	-9999
(4,8,1)	-9999
(4,9,0)	-9999
(4,9,1)	-9999
(4,10,0)	-9999
(4,10,1)	-9999
(4,11,0)	-9999
(4,11,1)	-9999
(4,12,0)	-9999
(4,12,1)	-9999
(4,13,0)	-9999
(4,13,1)	-9999
(4,14,0)	-9999
(4,14,1)	-9999
(4,15,0)	-9999
(4,15,1)	-9999
(4,16,0)	-9999
(4,16,1)	-9999
(4,17,0)	-9999
(4,17,1)	-9999
(4,18,0)	-9999
(4,18,1)	-9999
(4,19,0)	-9999
(4,19,1)	-9999
(4,20,0)	-9999
(4,20,1)	-9999
(4,21,0)	-9999
(4,21,1)	-9999
(4,22,0)	-9999
(4,22,1)	-9999
(4,23,0)	-9999
(4,23,1)	-9999
(4,24,0)	-9999
(4,24,1)	-9999
(4,25,0)	-9999
(4,25,1)	-9999
(4,26,0)	-9999
(4,26,1)	-9999
(4,27,0)	-9999
(4,27,1)	-9999
(4,28,0)	-9999
(4,28,1)	-9999
(4,29,0)	-9999
(4,29,1)	-9999
(4,30,0)	-9999
(4,30,1)	-9999
(4,31,0)	-9999
(4,31,1)	-9999
(4,32,0)	-9999
(4,32,1)	-9999
(4,33,0)	-9999
(4,33,1)	-9999
(4,34,0)	-9999
(4,34,1)	-9999
(4,35,0)	-9999
(4,35,1)	-9999
(4,36,0)	-9999
(4,36,1)	-9999
(4,37,0)	-9999
(4,37,1)	-9999
(4,38,0)	-9999
(4,38,1)	-9999
(4,39,0)	-9999
(4,39,1)	-9999
(4,40,0)	-9999
(4,40,1)	-9999
(4,41,0)	-9999
(4,41,1)	-9999
(4,42,0)	-9999
(4,42,1)	-9999
(4,43,0)	-9999
(4,43,1)	-9999
(4,44,0)	-9999
(4,44,1)	-9999
(4,45,0)	-9999
(4,45,1)	-9999
(4,46,0)	-9999
(4,46,1)	-9999
(4,47,0)	-9999
(4,47,1)	-9999
(4,48,0)	-9999
(4,48,1)	-9999
(4,49,0)	-9999
(4,49,1)	-9999
(4,50,0)	-9999
(4,50,1)	-9999
(4,51,0)	-9999
(4,51,1)	-9999
(4,52,0)	-9999
(4,52,1)	-9999
(4,53,0)	-9999
(4,53,1)	-9999
(4,54,0)	-9999
(4,54,1)	-9999
(4,55,0)	-9999
(4,55,1)	-9999
(4,56,0)	-9999
(4,56,1)	-9999
(4,57,0)	-9999
(4,57,1)	-9999
(4,58,0)	-9999
(4,58,1)	-9999
(4,59,0)	-9999
(4,59,1)	-9999
(4,60,0)	-9999
(4,60,1)	-9999
(4,61,0)	-9999
(4,61,1)	-9999
(4,62,0)	-9999
(4,62,1)	-9999
(4,63,0)	-9999
(4,63,1)	-9999
(4,64,0)	-9999
(4,64,1)	-9999
(4,65,0)	-9999
(4,65,1)	-9999
(4,66,0)	-9999
(4,66,1)	-9999
(4,67,0)	-9999
(4,67,1)	-9999
(4,68,0)	-9999
(4,68,1)	-9999
(4,69,0)	-9999
(4,69,1)	-9999
(4,70,0)	-9999
(4,70,1)	-9999
(4,71,0)	-9999
(4,71,1)	-9999
(4,72,0)	-9999
(4,72,1)	-9999
(4,73,0)	-9999
(4,73,1)	-9999
(4,74,0)	-9999
(4,74,1)	-9999
(4,75,0)	-9999
(4,75,1)	-9999
(4,76,0)	-9999
(4,76,1)	-9999
(4,77,0)	-9999
(4,77,1)	-9999
(4,78,0)	-9999
(4,78,1)	-9999
(4,79,0)	-9999
(4,79,1)	-9999
(4,80,0)	-9999
(4,80,1)	-9999
(4,81,0)	-9999
(4,81,1)	-9999
(4,82,0)	-9999
(4,82,1)	-9999
(4,83,0)	-9999
(4,83,1)	-9999
(4,84,0)	-9999
(4,84,1)	-9999
(4,85,0)	-9999
(4,85,1)	-9999
(4,86,0)	-9999
(4,86,1)	-9999
(4,87,0)	-9999
(4,87,1)	-9999
(4,88,0)	-9999
(4,88,1)	-9999
(4,89,0)	-9999
(4,89,1)	-9999
(4,90,0)	-9999
(4,90,1)	-9999
(4,91,0)	-9999
(4,91,1)	-9999
(4,92,0)	-9999
(4,92,1)	-9999
(4,93,0)	-9999
(4,93,1)	-9999
(4,94,0)	-9999
(4,94,1)	-9999
(4,95,0)	-9999
(4,95,1)	-9999
(4,96,0)	-9999
(4,96,1)	-9999
(4,97,0)	-9999
(4,97,1)	-9999
(4,98,0)	-9999
(4,98,1)	-9999
(4,99,0)	-9999
(4,99,1)	-9999
(4,100,0)	-9999
(4,100,1)	-9999
(4,101,0)	-9999
(4,101,1)	-9999
(4,102,0)	-9999
(4,102,1)	-9999
(4,103,0)	-9999
(4,103,1)	-9999
(4,104,0)	-9999
(4,104,1)	-9999
(4,105,0)	-9999
(4,105,1)	-9999
(4,106,0)	-9999
(4,106,1)	-9999
(4,107,0)	-9999
(4,107,1)	-9999
(4,108,0)	-9999
(4,108,1)	-9999
(4,109,0)	-9999
(4,109,1)	-9999
(4,110,0)	-9999
(4,110,1)	-9999
(4,111,0)	-9999
(4,111,1)	-9999
(4,112,0)	-9999
(4,112,1)	-9999
(4,113,0)	-9999
(4,113,1)	-9999
(4,114,0)	-9999
(4,114,1)	-9999
(4,115,0)	-9999
(4,115,1)	-9999
(4,116,0)	-9999
(4,116,1)	-9999
(4,117,0)	-9999
(4,117,1)	-9999
(4,118,0)	-9999
(4,118,1)	-9999
(4,119,0)	-9999
(4,119,1)	-9999
(4,120,0)	-9999
(4,120,1)	-9999
(4,121,0)	-9999
(4,121,1)	-9999
(4,122,0)	-9999
(4,122,1)	-9999
(4,123,0)	-9999
(4,123,1)	-9999
(4,124,0)	-9999
(4,124,1)	-9999
(4,125,0)	-9999
(4,125,1)	-9999
(4,126,0)	-9999
(4,126,1)	-9999
(4,127,0)	-9999
(4,127,1)	-9999
(4,128,0)	-9999
(4,128,1)	-9999
(4,129,0)	-9999
(4,129,1)	-9999
(4,130,0)	-9999
(4,130,1)	-9999
(4,131,0)	-9999
(4,131,1)	-9999
(4,132,0)	-9999
(4,132,1)	-9999
(4,133,0)	-9999
(4,133,1)	-9999
(4,134,0)	-9999
(4,134,1)	-9999
(4,135,0)	-9999
(4,135,1)	-9999
(4,136,0)	-9999
(4,136,1)	-9999
(4,137,0)	-9999
(4,137,1)	-9999
(4,138,0)	-9999
(4,138,1)	-9999
(4,139,0)	-9999
(4,139,1)	-9999
(4,140,0)	-9999
(4,140,1)	-9999
(4,141,0)	-9999
(4,141,1)	-9999
(4,142,0)	-9999
(4,142,1)	-9999
(4,143,0)	-9999
(4,143,1)	-9999
(4,144,0)	-9999
(4,144,1)	-9999
(4,145,0)	-9999
(4,145,1)	-9999
(4,146,0)	-9999
(4,146,1)	-9999
(4,147,0)	-9999
(4,147,1)	-9999
(4,148,0)	-9999
(4,148,1)	-9999
(4,149,0)	-9999
(4,149,1)	-9999
(4,150,0)	-9999
(4,150,1)	-9999
(4,151,0)	-9999
(4,151,1)	-9999
(4,152,0)	-9999
(4,152,1)	-9999
(4,153,0)	-9999
(4,153,1)	-9999
(4,154,0)	-9999
(4,154,1)	-9999
(4,155,0)	-9999
(4,155,1)	-9999
(4,156,0)	-9999
(4,156,1)	-9999
(4,157,0)	-9999
(4,157,1)	-9999
(4,158,0)	-9999
(4,158,1)	-9999
(4,159,0)	-9999
(4,159,1)	-9999
(4,160,0)	-9999
(4,160,1)	-9999
(4,161,0)	-9999
(4,161,1)	-9999
(4,162,0)	-9999
(4,162,1)	-9999
(4,163,0)	-9999
(4,163,1)	-9999
(4,164,0)	-9999
(4,164,1)	-9999
(4,165,0)	-9999
(4,165,1)	-9999
(4,166,0)	-9999
(4,166,1)	-9999
(4,167,0)	-9999
(4,167,1)	-9999
(4,168,0)	-9999
(4,168,1)	-9999
(4,169,0)	-9999
(4,169,1)	-9999
(4,170,0)	-9999
(4,170,1)	-9999
(4,171,0)	-9999
(4,171,1)	-9999
(4,172,0)	-9999
(4,172,1)	-9999
(4,173,0)	-9999
(4,173,1)	-9999
(4,174,0)	-9999
(4,174,1)	-9999
(4,175,0)	-9999
(4,175,1)	-9999
(4,176,0)	-9999
(4,176,1)	-9999
(4,177,0)	-9999
(4,177,1)	-9999
(4,178,0)	-9999
(4,178,1)	-9999
(4,179,0)	-9999
(4,179,1)	-9999
(4,180,0)	-9999
(4,180,1)	-9999
(4,181,0)	-9999
(4,181,1)	-9999
