Site_Name,Longitude(decimal_degrees),Latitude(decimal_degrees),Elevation(meters)
Agoufou,-1.479117,15.345400,305.000000
Banizoumbou,2.664750,13.541167,250.000000
Blida,2.880556,36.508333,230.000000
Cabo_Raso,-9.485870,38.709370,20.000000
Capo_Verde,-22.935499,16.732500,60.000000
CRPSM_Malindi,40.194500,-2.996000,12.000000
Dakar,-16.958611,14.394167,0.000000
DMN_Maine_Soroa,12.023067,13.216717,350.000000
Eilat,34.917500,29.502500,15.000000
El_Arenosillo,-6.733472,37.105000,0.000000
ETNA,15.019433,37.613500,736.000000
FORTH_CRETE,25.282417,35.332694,20.000000
Granada,-3.605000,37.164000,680.000000
ICIPE-Mbita,34.200000,-0.416700,1125.000000
IER_Cinzana,-5.933867,13.278433,285.000000
Ilorin,4.340000,8.320000,350.000000
IMS-METU-ERDEMLI,34.255000,36.565000,3.000000
Izana,-16.499060,28.309320,2391.000000
La_Laguna,-16.321111,28.481944,568.000000
Nairobi,36.865300,-1.338882,1650.000000
Nes_Ziona,34.789167,31.922500,40.000000
Praia,-23.484000,14.947000,70.000000
Saada,-8.155830,31.625830,420.000000
Santa_Cruz_Tenerife,-16.247361,28.472528,52.000000
SEDE_BOKER,34.782222,30.855000,480.000000
Solar_Village,46.397286,24.906933,764.000000
Tamanrasset_INM,5.530000,22.790000,1377.000000
