    Height  AOD        Frequency  Error
    0.30000 -599.94000 -599.94000 -599.94000
    0.60000 -599.94000 -599.94000 -599.94000
    0.90000 -599.94000 -599.94000 -599.94000
    1.20000    0.03000 -599.94000 -599.94000
    1.50000    0.03000 -599.94000 -599.94000
    1.80000    0.03000 -599.94000 -599.94000
    2.10000    0.03000 -599.94000 -599.94000
    2.40000    0.03000 -599.94000 -599.94000
    2.70000    0.03000 -599.94000 -599.94000
    3.00000    0.00417    0.01654    0.00244
    3.30000    0.00395    0.01324    0.00256
    3.60000    0.00444    0.01595    0.00336
    3.90000    0.00571    0.01166    0.00422
    4.20000    0.00568    0.00821    0.00252
    4.50000    0.00523    0.00591    0.00208
    4.80000    0.00465    0.00089    0.00261
    5.10000    0.00555    0.00015    0.00346
    5.40000 -599.94000 -599.94000 -599.94000
    5.70000 -599.94000 -599.94000 -599.94000
    6.00000 -599.94000 -599.94000 -599.94000
    6.30000 -599.94000 -599.94000 -599.94000
    6.60000 -599.94000 -599.94000 -599.94000
    6.90000 -599.94000 -599.94000 -599.94000
    7.20000 -599.94000 -599.94000 -599.94000
    7.50000 -599.94000 -599.94000 -599.94000
    7.80000 -599.94000 -599.94000 -599.94000
    8.10000 -599.94000 -599.94000 -599.94000
    8.40000    0.03000 -599.94000 -599.94000
    8.70000    0.03000 -599.94000 -599.94000
    9.00000    0.03000 -599.94000 -599.94000
    9.30000    0.03000 -599.94000 -599.94000
    9.60000    0.03000 -599.94000 -599.94000
    9.90000    0.03000 -599.94000 -599.94000
