    Height  AOD        Frequency  Error
    0.30000    0.00573    0.00310    0.00849
    0.60000    0.00526    0.00627    0.00694
    0.90000    0.00553    0.00775    0.00625
    1.20000    0.03000 -599.94000 -599.94000
    1.50000    0.03000 -599.94000 -599.94000
    1.80000    0.03000 -599.94000 -599.94000
    2.10000    0.03000 -599.94000 -599.94000
    2.40000    0.00511    0.00656    0.00582
    2.70000    0.00455    0.00714    0.00452
    3.00000    0.00401    0.01068    0.00436
    3.30000    0.00420    0.01191    0.00576
    3.60000    0.00490    0.00905    0.01439
    3.90000    0.00285    0.00007    0.00231
    4.20000    0.00270    0.00005    0.00327
    4.50000    0.00502    0.00002    0.00795
    4.80000    0.00378    0.00001    0.00143
    5.10000 -599.94000 -599.94000 -599.94000
    5.40000 -599.94000 -599.94000 -599.94000
    5.70000 -599.94000 -599.94000 -599.94000
    6.00000 -599.94000 -599.94000 -599.94000
    6.30000 -599.94000 -599.94000 -599.94000
    6.60000 -599.94000 -599.94000 -599.94000
    6.90000 -599.94000 -599.94000 -599.94000
    7.20000 -599.94000 -599.94000 -599.94000
    7.50000 -599.94000 -599.94000 -599.94000
    7.80000 -599.94000 -599.94000 -599.94000
    8.10000 -599.94000 -599.94000 -599.94000
    8.40000 -599.94000 -599.94000 -599.94000
    8.70000 -599.94000 -599.94000 -599.94000
    9.00000    0.03000 -599.94000 -599.94000
    9.30000    0.03000 -599.94000 -599.94000
    9.60000    0.03000 -599.94000 -599.94000
    9.90000    0.03000 -599.94000 -599.94000
