    Height     AOD     Frequency  Error
    0.30000    0.01548    0.03565    0.01923
    0.60000    0.01079    0.03853    0.00849
    0.90000    0.01084    0.03879    0.02245
    1.20000    0.00814    0.03408    0.01851
    1.50000    0.00603    0.03787    0.00358
    1.80000    0.00457    0.04049    0.00302
    2.10000    0.00422    0.04010    0.00325
    2.40000    0.00423    0.03565    0.00374
    2.70000    0.00298    0.02653    0.00223
    3.00000    0.00207    0.02653    0.00102
    3.30000    0.00170    0.00518    0.00079
    3.60000    0.00154    0.00060    0.00072
    3.90000    0.00289    0.00039    0.00571
    4.20000    0.00213    0.00052    0.00084
    4.50000 -599.94000 -599.94000 -599.94000
    4.80000 -599.94000 -599.94000 -599.94000
    5.10000 -599.94000 -599.94000 -599.94000
    5.40000 -599.94000 -599.94000 -599.94000
    5.70000 -599.94000 -599.94000 -599.94000
    6.00000 -599.94000 -599.94000 -599.94000
    6.30000 -599.94000 -599.94000 -599.94000
    6.60000 -599.94000 -599.94000 -599.94000
    6.90000 -599.94000 -599.94000 -599.94000
    7.20000 -599.94000 -599.94000 -599.94000
    7.50000    0.03000 -599.94000 -599.94000
    7.80000    0.03000 -599.94000 -599.94000
    8.10000    0.03000 -599.94000 -599.94000
    8.40000    0.03000 -599.94000 -599.94000
    8.70000    0.03000 -599.94000 -599.94000
    9.00000    0.03000 -599.94000 -599.94000
    9.30000    0.03000 -599.94000 -599.94000
    9.60000    0.03000 -599.94000 -599.94000
    9.90000    0.03000 -599.94000 -599.94000
