  29.76806
  30.35417
  27.76444
  29.90111
  31.76833
  29.80250
  29.26306
  29.66972
  30.48361
  31.75861
  26.22556
  29.58306
  31.83667
  33.19472
  29.27528
  32.65639
  29.86167
  32.98417
  32.56500
  32.76917
  30.35028
  25.89111
  32.67056
  32.43667
  29.90111
  29.26306
  29.73389
  29.80250
  31.75861
  31.76833
  32.75917
  29.66972
  26.22556
  29.90111
  31.76833
  29.26306
  32.43667
  32.82000
  32.47361
  29.92194
  29.73389
  35.21000
  33.59083
  32.81083
  30.05833
  32.75917
  27.59944
  32.82000
  29.73388
  30.06694
  30.18000
  29.76806
  30.35417
  27.76444
  29.90111
  31.76833
  29.80250
  29.26306
  29.66972
  30.48361
  31.75861
  26.22556
  29.58306
  31.83667
  33.19472
  29.27528
  32.65639
  29.86167
  32.98417
  32.56500
  32.76917
  30.35028
  25.89111
  32.67056
  32.43667
  29.90111
  29.26306
  29.73389
  29.80250
  31.75861
  31.76833
  32.75917
  29.66972
  26.22556
  29.90111
  31.76833
  29.26306
  32.43667
  32.82000
  32.47361
  29.92194
  29.73389
  35.21000
  33.59083
  32.81083
  30.05833
  32.75917
  27.59944
  32.82000
  29.73388
  30.06694
  30.18000
