0.4026324
0.6719892
0.5229923
0.3990446
0.1653518
0.3775467
0.3592338
0.4615036
0.7015064
0.3165368
0.4891235
0.4135677
0.2369367
0.7328325
0.7094253
0.7088485
0.3986459
0.7210621
0.5437143
0.7483331
0.489902
0.4643883
0.5332842
0.7215944
0.3990446
0.3592338
0.4034798
0.3775467
0.3165368
0.1653518
0.4671069
0.4615036
0.4891235
0.3990446
0.1653518
0.3592338
0.7215944
0.7239751
0.7219192
0.3852762
0.4034798
-0.1699674
0.09711131
0.7246293
0.4496867
0.4671069
0.6796851
0.7239751
0.4034798
0.2681946
0.3028741
