0.4021692
0.6713977
0.5234531
0.3980245
0.1660872
0.3775963
0.3590483
0.4610141
0.701245
0.3177168
0.4892161
0.4132329
0.2377098
0.7328691
0.709393
0.7106994
0.3987419
0.7224687
0.5471815
0.7519187
0.4881455
0.4624578
0.5308331
0.7252252
0.3980245
0.3590483
0.4033316
0.3775963
0.3177168
0.1660872
0.4706897
0.4610141
0.4892161
0.3980245
0.1660872
0.3590483
0.7252252
0.7256513
0.7253114
0.3881845
0.4033316
-0.1643606
0.09742094
0.7260094
0.4468513
0.4706897
0.6805511
0.7256513
0.4033316
0.2678108
0.3036341
