    Height  AOD        Frequency  Error
    0.30000 -599.94000 -599.94000 -599.94000
    0.60000 -599.94000 -599.94000 -599.94000
    0.90000    0.03000 -599.94000 -599.94000
    1.20000    0.03000 -599.94000 -599.94000
    1.50000    0.03000 -599.94000 -599.94000
    1.80000    0.03000 -599.94000 -599.94000
    2.10000    0.00746    0.02008    0.00358
    2.40000    0.00755    0.02405    0.00282
    2.70000    0.00395    0.02405    0.00143
    3.00000    0.00508    0.02703    0.00104
    3.30000    0.00453    0.01660    0.00129
    3.60000    0.00468    0.01703    0.00100
    3.90000    0.00401    0.01008    0.00193
    4.20000    0.00463    0.00433    0.00187
    4.50000 -599.94000 -599.94000 -599.94000
    4.80000 -599.94000 -599.94000 -599.94000
    5.10000 -599.94000 -599.94000 -599.94000
    5.40000 -599.94000 -599.94000 -599.94000
    5.70000 -599.94000 -599.94000 -599.94000
    6.00000 -599.94000 -599.94000 -599.94000
    6.30000 -599.94000 -599.94000 -599.94000
    6.60000 -599.94000 -599.94000 -599.94000
    6.90000 -599.94000 -599.94000 -599.94000
    7.20000 -599.94000 -599.94000 -599.94000
    7.50000 -599.94000 -599.94000 -599.94000
    7.80000 -599.94000 -599.94000 -599.94000
    8.10000 -599.94000 -599.94000 -599.94000
    8.40000 -599.94000 -599.94000 -599.94000
    8.70000 -599.94000 -599.94000 -599.94000
    9.00000 -599.94000 -599.94000 -599.94000
    9.30000 -599.94000 -599.94000 -599.94000
    9.60000 -599.94000 -599.94000 -599.94000
    9.90000 -599.94000 -599.94000 -599.94000
