    Height     AOD     Frequency  Error
    0.30000    0.01799    0.04303    0.01923
    0.60000    0.01843    0.04853    0.00849
    0.90000    0.01784    0.04879    0.00745
    1.20000    0.01614    0.04408    0.00651
    1.50000    0.01588    0.04787    0.00558
    1.80000    0.01432    0.03049    0.00502
    2.10000    0.01328    0.03010    0.00525
    2.40000    0.01243    0.02565    0.00474
    2.70000    0.01108    0.02653    0.00523
    3.00000    0.01003    0.02332    0.00502
    3.30000    0.00932    0.01518    0.00379
    3.60000    0.00871    0.01060    0.00272
    3.90000    0.00743    0.00839    0.00171
    4.20000    0.00702    0.00752    0.00184
    4.50000    0.00683    0.00602    0.00123
    4.80000    0.00412    0.00531    0.01143
    5.10000    0.01065    0.00412    0.01500
    5.40000    0.00818    0.00574    0.01115
    5.70000    0.00592    0.00439    0.00191
    6.00000    0.00384    0.00236    0.00172
    6.30000    0.00100    0.00132    0.00100
    6.60000    0.00123    0.00132    0.00300
    6.90000    0.00152    0.00132    0.00500
    7.20000    0.00186    0.00132    0.00400
    7.50000    0.00132    0.00132    0.00400
    7.80000    0.00124    0.00132    0.00500
    8.10000    0.00119    0.00132    0.00700
    8.40000    0.00151    0.00132    0.00500
    8.70000    0.00198    0.00132    0.00400
    9.00000    0.00102    0.00132    0.00430
    9.30000    0.00182    0.00132    0.00350
    9.60000    0.00161    0.00132    0.00320
    9.90000    0.00021    0.00132    0.00200
