 -95.22056
 -97.76000
 -97.43333
 -95.32611
-106.50139
 -95.12556
 -94.85639
 -95.12861
 -97.87222
-106.50111
 -98.29139
 -95.01556
-102.34194
 -97.19334
 -98.31167
 -97.08861
 -94.31028
 -97.06361
 -96.31750
 -96.54611
 -95.42500
 -97.49389
 -94.16805
 -97.02444
 -95.32611
 -94.85639
 -95.25750
 -95.12556
-106.50111
-106.50139
 -97.34139
 -95.12861
 -98.29139
 -95.32611
-106.50139
 -94.85639
 -97.02444
 -96.86000
 -97.04250
 -93.91389
 -95.25750
-101.83195
-101.84750
 -97.33694
 -95.18972
 -97.34139
 -99.53333
 -96.86000
 -95.25750
 -94.07722
 -93.87305
 -95.22056
 -97.76000
 -97.43333
 -95.32611
-106.50139
 -95.12556
 -94.85639
 -95.12861
 -97.87222
-106.50111
 -98.29139
 -95.01556
-102.34194
 -97.19334
 -98.31167
 -97.08861
 -94.31028
 -97.06361
 -96.31750
 -96.54611
 -95.42500
 -97.49389
 -94.16805
 -97.02444
 -95.32611
 -94.85639
 -95.25750
 -95.12556
-106.50111
-106.50139
 -97.34139
 -95.12861
 -98.29139
 -95.32611
-106.50139
 -94.85639
 -97.02444
 -96.86000
 -97.04250
 -93.91389
 -95.25750
-101.83195
-101.84750
 -97.33694
 -95.18972
 -97.34139
 -99.53333
 -96.86000
 -95.25750
 -94.07722
 -93.87305
