Site_Name,Longitude(decimal_degrees),Latitude(decimal_degrees),Elevation(meters)
Tucson,-110.953003,32.233002,779.000000
GSFC,-76.839833,38.992500,87.000000
Harvard_Forest,-72.188000,42.532000,322.000000
Wallops,-75.474998,37.941666,10.000000
Waskesiu,-106.083000,53.916698,550.000000
Key_Biscayne,-80.163330,25.731966,0.000000
Sevilleta,-106.885002,34.354721,1477.000000
Cart_Site,-97.486390,36.606670,318.000000
Bonanza_Creek,-148.316269,64.742805,150.000000
HJAndrews,-122.223892,44.238609,830.000000
Lille,3.141667,50.611667,60.000000
Missoula,-114.083336,46.916668,1028.000000
Capo_Verde,-22.935499,16.732500,60.000000
UCSB,-119.845360,34.415428,33.000000
SERC,-76.500000,38.883335,10.000000
La_Jolla,-117.250000,32.869700,115.000000
Barcelona,2.116970,41.385670,125.000000
Trinidad_Head,-124.151017,41.053917,105.000000
Toronto,-79.470000,43.970000,300.000000
SANTA_CRUZ,-63.177717,-17.802133,442.000000
Barrow,-156.665000,71.312200,0.000000
Dakar,-16.958611,14.394167,0.000000
Guadeloup,-61.500000,16.333333,0.000000
BONDVILLE,-88.371944,40.053333,212.000000
Bratts_Lake,-104.700000,50.280000,586.700000
Venise,12.508300,45.313900,10.000000
Egbert,-79.750000,44.225667,264.000000
Ispra,8.626700,45.803050,235.000000
Mainz,8.300000,49.999000,150.000000
Brookhaven,-72.889167,40.870000,33.000000
Saturn_Island,-123.133000,48.783000,200.000000
NCU_Taiwan,121.191667,24.966667,171.000000
Dongsha_Island,116.728833,20.698556,5.000000
Arica,-70.313333,-18.471667,25.000000
NASA_LaRC,-76.378640,37.104960,5.000000
Pickle_Lake,-90.217500,51.449444,393.000000
IMAA_Potenza,15.720000,40.600000,820.000000
Skukuza,31.587500,-24.991700,150.000000
Table_Mountain,-105.237000,40.125000,1689.000000
Solar_Village,46.397286,24.906933,764.000000
Rimrock,-116.991667,46.487500,824.000000
Helgoland,7.887361,54.177861,33.000000
Palaiseau,2.208333,48.700000,156.000000
Paris,2.333333,48.866667,50.000000
Moldova,28.815600,47.000100,205.000000
MD_Science_Center,-76.616667,39.283333,15.000000
CEILAP-BA,-58.500000,-34.566667,10.000000
IMS-METU-ERDEMLI,34.255000,36.565000,3.000000
Avignon,4.878067,43.932750,32.000000
Nes_Ziona,34.789167,31.922500,40.000000
Kyiv,30.496667,50.363611,200.000000
Churchill,-93.818167,58.736000,10.000000
KONZA_EDC,-96.609600,39.102328,341.000000
La_Parguera,-67.045383,17.970450,12.400000
Rio_Branco,-67.869350,-9.957467,212.000000
Lampedusa,12.631667,35.516667,45.000000
Osaka,135.590633,34.650933,50.000000
BSRN_BAO_Boulder,-105.006033,40.045183,1604.000000
Kanpur,80.231639,26.512778,123.000000
Billerica,-71.268619,42.528347,82.000000
Moscow_MSU_MO,37.510000,55.700000,192.000000
Minsk,27.601000,53.920000,200.000000
Beijing,116.381370,39.976890,92.000000
Sao_Paulo,-46.734983,-23.561500,865.000000
Rome_Tor_Vergata,12.647333,41.839550,130.000000
Gosan_SNU,126.161667,33.292222,72.000000
CUIABA-MIRANDA,-56.020800,-15.729500,210.000000
XiangHe,116.961500,39.753600,36.000000
IFT-Leipzig,12.435278,51.352500,125.000000
Railroad_Valley,-115.962000,38.504000,1435.000000
Oostende,2.925000,51.225000,23.000000
Davos,9.843800,46.812917,1596.000000
Jabiru,132.893100,-12.660700,30.000000
Taipei_CWB,121.500000,25.030000,26.000000
Chen-Kung_Univ,120.216667,23.000000,50.000000
Halifax,-63.594000,44.638000,65.000000
Villefranche,7.328889,43.683889,130.000000
FORTH_CRETE,25.282417,35.332694,20.000000
Palencia,-4.515694,41.988572,750.000000
Canberra,149.111100,-35.271300,600.000000
Amsterdam_Island,77.573333,-37.810000,30.000000
Palgrunden,13.151500,58.755333,49.000000
Bac_Lieu,105.730000,9.280000,10.000000
Carpentras,5.058333,44.083333,100.000000
Cabauw,4.927000,51.971000,-0.700000
Dunkerque,2.368117,51.035350,0.000000
Evora,-7.911500,38.567833,293.000000
ETNA,15.019433,37.613500,736.000000
Sao_Martinho_SONDA,-53.077200,-29.440000,489.000000
Campo_Grande_SONDA,-54.538100,-20.438300,677.000000
Hyytiala,24.295892,61.846447,191.000000
MVCO,-70.550000,41.300000,10.000000
Laegeren,8.351389,47.480278,735.000000
Messina,15.566833,38.197500,15.000000
Gwangju_GIST,126.843139,35.228278,52.000000
Ames,-93.774778,42.021361,338.000000
Granada,-3.605000,37.164000,680.000000
Mezaira,53.778611,23.145000,204.000000
Saada,-8.155830,31.625830,420.000000
Resolute_Bay,-94.900000,74.733333,40.000000
Cape_San_Juan,-65.619900,18.384500,15.000000
Gustav_Dalen_Tower,17.466830,58.594170,25.000000
Hornsund,15.560278,77.001111,10.000000
COVE_SEAPRISM,-75.710000,36.900000,24.000000
Fort_McMurray,-111.476139,56.752306,360.000000
Elandsfontein,29.417572,-26.245342,1740.000000
OHP_OBSERVATOIRE,5.710000,43.935000,680.000000
Caceres,-6.343467,39.478583,397.000000
Birdsville,139.345960,-25.898930,46.500000
Red_Mountain_Pass,-107.725000,37.908333,3368.000000
Chilbolton,-1.436980,51.144460,88.000000
Trelew,-65.308611,-43.249806,15.000000
CEILAP-RG,-69.320000,-51.600000,15.000000
Hong_Kong_PolyU,114.179722,22.303333,30.000000
ICIPE-Mbita,34.200000,-0.416700,1125.000000
Ji_Parana_SE,-61.851517,-10.934250,218.000000
La_Paz,-68.066467,-16.539000,3439.000000
Xinglong,117.578333,40.396389,970.000000
Tudor_Hill,-64.879000,32.264000,51.000000
Lulin,120.873611,23.468611,2868.000000
EVK2-CNR,86.813333,27.958611,5050.000000
Gandhi_College,84.127944,25.871000,60.000000
Helsinki_Lighthouse,24.926360,59.948970,20.000000
Chapais,-74.975400,49.822433,373.440000
Sevastopol,33.517333,44.615833,80.000000
Brussels,4.350000,50.783332,120.000000
SACOL,104.137083,35.946000,1965.800000
Univ_of_Houston,-95.341600,29.717700,65.000000
Karachi,67.030000,24.870000,49.000000
Appledore_Island,-70.615361,42.987064,35.000000
Thompson_Farm,-70.948344,43.108772,26.000000
Singapore,103.780383,1.297667,30.000000
White_Sands_HELSTF,-106.338072,32.634942,1207.240000
Frenchman_Flat,-115.934790,36.809280,940.000000
Lahore,74.324753,31.542494,270.000000
Thule,-68.769001,76.516102,225.000000
PEARL,-86.416944,80.053611,615.000000
OPAL,-85.939167,79.990278,0.000000
Porquerolles,6.161389,43.001389,22.000000
Burjassot,-0.418000,39.508000,30.000000
Bucharest_Inoe,26.029722,44.348056,93.000000
Silpakorn_Univ,100.041183,13.819308,72.000000
Chiang_Mai_Met_Sta,98.972467,18.771125,312.000000
Songkhla_Met_Sta,100.604583,7.184387,15.000000
Ragged_Point,-59.432035,13.165018,40.000000
CRPSM_Malindi,40.194500,-2.996000,12.000000
South_Pole_Obs_NOAA,70.300000,-89.996430,2850.000000
Kangerlussuaq,-50.621400,66.995800,320.000000
UAHuntsville,-86.644730,34.725330,223.000000
Nainital,79.458270,29.358830,1939.000000
Bozeman,-111.045013,45.662204,1507.000000
Ersa,9.359289,43.003669,80.000000
Helsinki,24.960650,60.203733,52.800000
Camaguey,-77.849900,21.422300,122.000000
El_Segundo,-118.382300,33.912500,25.000000
Dayton,-84.109618,39.775977,243.000000
Arcachon,-1.163222,44.663528,11.000000
Wytham_Woods,-1.332500,51.770278,160.000000
Manila_Observatory,121.077840,14.635250,63.000000
Ubon_Ratchathani,104.871011,15.245518,120.000000
Malaga,-4.477500,36.715000,40.000000
Seysses,1.259722,43.503333,179.000000
Jaipur,75.806217,26.905817,450.000000
Yellowknife_Aurora,-114.376250,62.451300,220.800000
Graciosa,-28.029722,39.091111,15.240000
Birkenes,8.252310,58.388450,230.000000
Bandung,107.610000,-6.888417,826.000000
LISCO,-73.341767,40.954517,12.000000
UMBC,-76.709353,39.254628,79.000000
Univ_of_Lethbridge,-112.868967,49.681672,737.000000
Easton_Airport,-76.072570,38.807450,15.000000
Kelowna_UAS,-119.400111,49.941294,456.000000
Eforie,28.632222,44.075000,40.000000
QOMS_CAS,86.948056,28.365000,4276.000000
Ittoqqortoormiit,-21.951200,70.484800,68.000000
ND_Marbel_Univ,124.842531,6.496011,70.000000
Goldstone,-116.791667,35.233333,1100.000000
Pokhara,83.971467,28.150817,807.000000
Baengnyeong,124.630278,37.966111,136.000000
Huelva,-6.568700,37.016300,25.000000
Sable_Island,-60.010000,43.933000,3.000000
CalTech,-118.126167,34.136730,260.000000
Bach_Long_Vy,107.733339,20.133321,5.000000
Yuma,-114.582780,32.644138,63.000000
CUT-TEPAK,33.042750,34.674806,22.000000
Tiksi,128.921417,71.586917,0.000000
Dushanbe,68.857911,38.553264,821.000000
Appalachian_State,-81.693800,36.214600,1080.000000
Aubiere_LAMP,3.111072,45.760960,423.000000
ARM_Darwin,130.891000,-12.425000,29.900000
CLUJ_UBB,23.551389,46.768333,405.000000
Gloria,29.359670,44.599970,30.000000
Steamboat_Springs,-106.816990,40.463760,2070.000000
NEON-Boulder,-105.268210,40.007870,1641.000000
Timisoara,21.227360,45.746260,122.000000
Rio_de_Janeiro_UFRJ,-43.233806,-22.857306,88.000000
NGHIA_DO,105.799640,21.047780,40.000000
Bambey-ISRA,-16.476733,14.708567,30.000000
Bordj_Badji_Mokhtar,0.950000,21.330000,400.000000
Vientiane,102.569642,17.992280,170.000000
CASLEO,-69.306111,-31.799167,2552.000000
Manaus_EMBRAPA,-59.969778,-2.890528,115.000000
USC_SEAPRISM,-118.117820,33.563710,31.000000
Muztagh_Ata,75.038764,38.408222,3674.000000
Farmington_RSVP,-108.479991,36.797383,1641.000000
Kuching,110.348611,1.490556,28.000000
