 Nouse CAMS#   LAT         LON        Height  regionbox 

43 26.225555 -98.291389 37 9 
80 25.891111 -97.493889 6 10 
313 27.599443 -99.533333 146 8 
4 27.764444 -97.433334 6 10 
314 27.426945 -97.298615 500 10 
1 29.768057 -95.220558 6 11 
8 29.901112 -95.326111 18 11 
15 29.802500 -95.125557 6 11 
34 29.263056 -94.856392 0 11 
35 29.669722 -95.128609 6 11 
45 29.583055 -95.015556 0 11 
78 30.350279 -95.425003 43 11 
309 30.058332 -95.189720 18 11 
403 29.733879 -95.257500 6 11 
54 30.066944 -94.077225 6 12 
64 29.861668 -94.310280 0 12 
303 29.921944 -93.913887 0 12 
642 30.180000 -93.873055 6 12 
3 30.354168 -97.760002 232 6 
38 30.483610 -97.872223 317 6 
59 29.275278 -98.311668 140 7 
301 29.587500 -98.312500 226 7 
678 29.407223 -98.431114 189 7 
85 32.670555 -94.168053 85 13 
56 33.194721 -97.193336 183 5 
61 32.656387 -97.088608 183 5 
70 32.984165 -97.063614 165 5 
71 32.564999 -96.317497 128 5 
74 32.769169 -96.546112 134 5 
94 32.436668 -97.024445 262 5 
302 32.473610 -97.042503 189 5 
308 32.810833 -97.336945 183 5 
130 32.759167 -97.341393 165 5 
401 32.820000 -96.860001 122 5 
47 31.836666 -102.341942 878 2 
1014 31.871111 -102.338890 884 2 
12 31.768333 -106.501389 1158 1 
40 31.758612 -106.501114 1128 1 
305 35.209999 -101.831947 1109 4 
306 33.590832 -101.847504 963 3 
310 32.759167 -97.341393 165 5 
311 30.180000 -93.873055 6 12 
304 29.733889 -95.257500 6 11 
157 33.194721 -97.193336 183 5 
158 32.436668 -97.024445 262 5 
161 32.820000 -96.860001 122 5 
163 33.194721 -97.193336 183 5 
182 32.984165 -97.063614 165 5 
40 31.758612 -106.501114 1128 1 
116 31.758612 -106.501114 1128 1 
125 31.768333 -106.501389 1158 1 
151 31.768333 -106.501389 1158 1 
180 25.891111 -97.493889 6 9 
143 26.225555 -98.291389 37 9 
108 29.901112 -95.326111 18 11 
109 29.263056 -94.856392 0 11 
113 29.733889 -95.257500 6 11 
115 29.802500 -95.125557 6 11 
139 29.669722 -95.128609 6 11 
150 29.901112 -95.326111 18 11 
152 29.263056 -94.856392 0 11 
inx = 27 camsid = 71 
StateID  County ID  StationNum CAMSID  
        48        257          5         71   32.564999  -96.317497        128          5 
1 , 4.22 , 3.54 , 3.40 , 2.76 , 4.11 , 3.52 , 4.65 , 8.79 , 6.35 , 4.85 , PMA  , PMA  , 5.53 , 5.60 , 4.54 , 4.10 , 5.41 , 5.46 , 3.74 , 5.98 , 7.82 , 6.46 , 5.76 , 5.20 , 8.79 , 7.82 , 2.76 , 5.08 , 1.43 , 91.7% 
blank number =  85, k = 3001   4.22   3.54   3.40   2.76   4.11   3.52   4.65   8.79   6.35   4.85   999    999    5.53   5.60   4.54   4.10   5.41   5.46   3.74   5.98   7.82   6.46   5.76   5.20   8.79   7.82   2.76   5.08   1.43   91.7  

....0 
2 , 4.45 , 3.75 , 3.16 , 3.92 , 4.89 , 4.80 , 5.20 , 9.00 , 7.32 , 7.94 , 5.09 , 6.04 , 6.51 , 6.10 , 5.14 , 7.63 , 4.73 , 4.82 , 3.86 , 4.25 , 4.81 , 4.53 , 5.19 , 4.63 , 9.00 , 7.94 , 3.16 , 5.32 , 1.41 , 100.0% 
blank number =  92, k = 3002   4.45   3.75   3.16   3.92   4.89   4.80   5.20   9.00   7.32   7.94   5.09   6.04   6.51   6.10   5.14   7.63   4.73   4.82   3.86   4.25   4.81   4.53   5.19   4.63   9.00   7.94   3.16   5.32   1.41   100.0  

....1 
3 , 2.63 , 2.36 , 2.66 , 3.81 , 5.49 , 5.68 , 6.70 , 8.29 , 10.04 , 10.67 , 11.16 , 10.61 , 10.47 , 9.28 , 9.71 , 9.84 , 8.82 , 9.09 , 6.27 , 6.17 , 4.47 , 6.78 , 5.87 , 6.69 , 11.16 , 10.67 , 2.36 , 7.23 , 2.71 , 100.0% 
blank number =  99, k = 3003   2.63   2.36   2.66   3.81   5.49   5.68   6.70   8.29   10.04   10.67   11.16   10.61   10.47   9.28   9.71   9.84   8.82   9.09   6.27   6.17   4.47   6.78   5.87   6.69   11.16   10.67   2.36   7.23   2.71   100.0  

....2 
4 , 7.36 , 7.51 , 7.16 , 10.93 , 11.21 , 10.68 , 9.91 , 10.64 , 11.79 , 2.87 , 5.96 , 8.82 , 8.68 , 4.50 , 3.00 , 6.45 , 8.28 , 8.74 , 12.84 , 11.81 , 12.55 , 2.29 , 5.80 , 2.34 , 12.84 , 12.55 , 2.29 , 8.01 , 3.24 , 100.0% 
blank number =  102, k = 3004   7.36   7.51   7.16   10.93   11.21   10.68   9.91   10.64   11.79   2.87   5.96   8.82   8.68   4.50   3.00   6.45   8.28   8.74   12.84   11.81   12.55   2.29   5.80   2.34   12.84   12.55   2.29   8.01   3.24   100.0  

....3 
5 , 9.99 , 13.32 , 14.24 , 15.88 , 16.03 , 16.83 , 18.74 , 19.21 , 18.55 , 18.71 , 18.36 , 15.47 , 16.80 , 17.75 , 17.25 , 19.73 , 20.64 , 21.29 , 22.71 , 21.12 , 19.38 , 17.60 , 17.39 , 16.77 , 22.71 , 21.29 , 9.99 , 17.66 , 2.70 , 100.0% 
blank number =  118, k = 3005   9.99   13.32   14.24   15.88   16.03   16.83   18.74   19.21   18.55   18.71   18.36   15.47   16.80   17.75   17.25   19.73   20.64   21.29   22.71   21.12   19.38   17.60   17.39   16.77   22.71   21.29   9.99   17.66   2.70   100.0  

....4 
6 , 15.92 , 14.56 , 14.84 , 13.37 , 12.68 , 12.94 , 10.98 , 11.65 , 11.22 , 9.88 , 10.92 , 9.96 , 9.26 , 4.69 , 6.62 , 4.51 , 4.91 , 2.55 , 0.97 , 1.24 , 1.79 , 4.73 , 5.75 , 7.99 , 15.92 , 14.84 , 0.97 , 8.50 , 4.50 , 100.0% 
blank number =  104, k = 3006   15.92   14.56   14.84   13.37   12.68   12.94   10.98   11.65   11.22   9.88   10.92   9.96   9.26   4.69   6.62   4.51   4.91   2.55   0.97   1.24   1.79   4.73   5.75   7.99   15.92   14.84   0.97   8.50   4.50   100.0  

....5 
7 , 9.28 , 7.07 , 3.47 , 6.90 , 8.55 , 7.93 , 8.27 , 2.77 , 6.47 , 11.65 , 10.92 , 10.51 , 10.73 , 13.08 , 9.81 , 7.31 , 6.16 , 5.77 , 5.22 , 3.24 , 6.00 , 3.27 , 1.79 , 2.93 , 13.08 , 11.65 , 1.79 , 7.05 , 3.07 , 100.0% 
blank number =  99, k = 3007   9.28   7.07   3.47   6.90   8.55   7.93   8.27   2.77   6.47   11.65   10.92   10.51   10.73   13.08   9.81   7.31   6.16   5.77   5.22   3.24   6.00   3.27   1.79   2.93   13.08   11.65   1.79   7.05   3.07   100.0  

....6 
8 , 5.80 , 7.32 , 14.52 , 11.60 , 9.94 , 6.98 , 3.69 , 4.58 , 4.41 , 3.39 , 6.59 , 3.71 , 2.83 , 3.02 , 2.70 , 3.38 , 3.38 , 3.42 , 2.01 , 5.92 , 5.21 , 5.13 , 5.25 , 4.36 , 14.52 , 11.60 , 2.01 , 5.38 , 2.93 , 100.0% 
blank number =  96, k = 3008   5.80   7.32   14.52   11.60   9.94   6.98   3.69   4.58   4.41   3.39   6.59   3.71   2.83   3.02   2.70   3.38   3.38   3.42   2.01   5.92   5.21   5.13   5.25   4.36   14.52   11.60   2.01   5.38   2.93   100.0  

....7 
9 , 7.30 , 8.22 , 9.42 , 9.82 , 11.76 , 12.47 , 18.65 , 19.89 , 11.17 , 5.48 , 6.13 , 4.54 , 2.13 , 2.58 , 1.57 , 1.91 , 2.23 , 1.57 , 0.90 , 2.31 , 6.96 , 6.36 , 9.73 , 6.57 , 19.89 , 18.65 , 0.90 , 7.07 , 5.06 , 100.0% 
blank number =  99, k = 3009   7.30   8.22   9.42   9.82   11.76   12.47   18.65   19.89   11.17   5.48   6.13   4.54   2.13   2.58   1.57   1.91   2.23   1.57   0.90   2.31   6.96   6.36   9.73   6.57   19.89   18.65   0.90   7.07   5.06   100.0  

....8 
10 , 5.38 , 5.32 , 5.46 , 6.50 , 9.65 , 8.14 , 21.50 , 19.64 , 12.03 , 8.27 , 8.53 , 5.73 , 5.92 , 6.12 , 3.94 , 4.54 , 3.89 , 4.04 , 5.62 , 6.70 , 12.07 , 8.23 , 9.18 , 9.96 , 21.50 , 19.64 , 3.89 , 8.18 , 4.39 , 100.0% 
blank number =  99, k = 30010   5.38   5.32   5.46   6.50   9.65   8.14   21.50   19.64   12.03   8.27   8.53   5.73   5.92   6.12   3.94   4.54   3.89   4.04   5.62   6.70   12.07   8.23   9.18   9.96   21.50   19.64   3.89   8.18   4.39   100.0  

....9 
11 , 9.64 , 7.33 , 12.51 , 9.56 , 15.65 , 11.39 , 13.89 , 20.93 , 14.15 , 8.98 , 7.06 , 2.90 , 6.92 , 2.86 , 7.59 , 3.04 , 5.41 , 9.64 , 7.28 , 10.31 , 12.31 , 15.53 , 17.36 , 18.48 , 20.93 , 18.48 , 2.86 , 10.45 , 4.83 , 100.0% 
blank number =  107, k = 30011   9.64   7.33   12.51   9.56   15.65   11.39   13.89   20.93   14.15   8.98   7.06   2.90   6.92   2.86   7.59   3.04   5.41   9.64   7.28   10.31   12.31   15.53   17.36   18.48   20.93   18.48   2.86   10.45   4.83   100.0  

....10 
12 , 16.25 , 14.62 , 14.11 , 12.29 , 15.76 , 12.99 , 17.86 , 22.89 , 12.83 , 7.39 , 6.43 , 5.67 , 4.58 , 6.42 , 6.93 , 8.64 , 6.63 , 10.69 , 8.10 , 16.66 , 19.83 , 19.66 , 19.68 , 19.28 , 22.89 , 19.83 , 4.58 , 12.76 , 5.40 , 100.0% 
blank number =  111, k = 30012   16.25   14.62   14.11   12.29   15.76   12.99   17.86   22.89   12.83   7.39   6.43   5.67   4.58   6.42   6.93   8.64   6.63   10.69   8.10   16.66   19.83   19.66   19.68   19.28   22.89   19.83   4.58   12.76   5.40   100.0  

....11 
13 , 19.45 , 19.00 , 17.65 , 12.87 , 11.15 , 10.15 , 12.84 , 12.37 , 7.55 , 8.12 , 6.36 , 3.20 , 5.90 , 8.56 , 5.59 , 7.82 , 5.08 , 5.54 , 4.03 , 5.21 , 8.21 , 9.02 , 9.16 , 8.63 , 19.45 , 19.00 , 3.20 , 9.31 , 4.39 , 100.0% 
blank number =  103, k = 30013   19.45   19.00   17.65   12.87   11.15   10.15   12.84   12.37   7.55   8.12   6.36   3.20   5.90   8.56   5.59   7.82   5.08   5.54   4.03   5.21   8.21   9.02   9.16   8.63   19.45   19.00   3.20   9.31   4.39   100.0  

....12 
14 , 9.08 , 7.39 , 6.32 , 7.53 , 4.28 , 5.86 , 8.68 , 12.57 , 9.88 , 8.33 , 7.15 , 3.69 , 2.89 , 7.76 , 4.62 , 4.31 , 3.06 , 6.32 , 3.24 , 6.22 , 22.58 , 25.11 , 10.37 , 10.18 , 25.11 , 22.58 , 2.89 , 8.23 , 5.35 , 100.0% 
blank number =  100, k = 30014   9.08   7.39   6.32   7.53   4.28   5.86   8.68   12.57   9.88   8.33   7.15   3.69   2.89   7.76   4.62   4.31   3.06   6.32   3.24   6.22   22.58   25.11   10.37   10.18   25.11   22.58   2.89   8.23   5.35   100.0  

....13 
15 , 10.29 , 9.87 , 6.17 , 5.22 , 5.02 , 5.69 , 5.48 , 8.15 , 8.43 , PMA  , 0.64 , 7.90 , 6.65 , 4.65 , 8.08 , 7.93 , 6.21 , 9.32 , 3.86 , 7.31 , 13.49 , 10.89 , 8.42 , 11.43 , 13.49 , 11.43 , 0.64 , 7.44 , 2.75 , 95.8% 
blank number =  95, k = 30015   10.29   9.87   6.17   5.22   5.02   5.69   5.48   8.15   8.43   999    0.64   7.90   6.65   4.65   8.08   7.93   6.21   9.32   3.86   7.31   13.49   10.89   8.42   11.43   13.49   11.43   0.64   7.44   2.75   95.8  

....14 
16 , 10.04 , 5.53 , 7.54 , 8.59 , 8.58 , 10.90 , 12.23 , 13.21 , 2.89 , 2.03 , 6.80 , 8.62 , 12.39 , 12.46 , 6.82 , 4.54 , 9.70 , 10.43 , 4.93 , 4.04 , 7.63 , 4.96 , 8.23 , 4.42 , 13.21 , 12.46 , 2.03 , 7.81 , 3.14 , 100.0% 
blank number =  102, k = 30016   10.04   5.53   7.54   8.59   8.58   10.90   12.23   13.21   2.89   2.03   6.80   8.62   12.39   12.46   6.82   4.54   9.70   10.43   4.93   4.04   7.63   4.96   8.23   4.42   13.21   12.46   2.03   7.81   3.14   100.0  

....15 
17 , 4.24 , 1.31 , 2.34 , 1.93 , 0.85 , 2.25 , 6.36 , 4.55 , 3.36 , 5.29 , 3.94 , 2.23 , 3.37 , 2.58 , 1.95 , 2.60 , 5.00 , 5.07 , 1.94 , AQI  , 3.77 , 6.99 , 4.27 , 6.44 , 6.99 , 6.44 , 0.85 , 3.59 , 1.67 , 95.8% 
blank number =  89, k = 30017   4.24   1.31   2.34   1.93   0.85   2.25   6.36   4.55   3.36   5.29   3.94   2.23   3.37   2.58   1.95   2.60   5.00   5.07   1.94   999    3.77   6.99   4.27   6.44   6.99   6.44   0.85   3.59   1.67   95.8  

....16 
18 , 10.07 , 9.77 , 8.80 , 12.42 , 14.26 , 15.35 , 19.30 , 21.05 , 22.34 , 32.06 , 28.60 , 26.58 , 23.52 , 26.81 , 23.96 , 22.39 , 22.15 , 21.02 , 20.74 , 20.48 , 25.80 , 23.39 , 16.85 , 13.03 , 32.06 , 28.60 , 8.80 , 20.03 , 6.13 , 100.0% 
blank number =  118, k = 30018   10.07   9.77   8.80   12.42   14.26   15.35   19.30   21.05   22.34   32.06   28.60   26.58   23.52   26.81   23.96   22.39   22.15   21.02   20.74   20.48   25.80   23.39   16.85   13.03   32.06   28.60   8.80   20.03   6.13   100.0  

....17 
19 , 13.36 , 11.38 , 12.59 , 10.56 , 13.96 , 11.06 , 16.55 , 13.82 , 16.34 , 17.23 , 19.05 , 14.73 , 19.67 , 24.11 , 20.32 , 19.44 , 14.49 , 14.10 , 15.44 , 18.64 , 16.84 , 20.11 , 15.50 , 17.60 , 24.11 , 20.32 , 10.56 , 16.12 , 3.28 , 100.0% 
blank number =  121, k = 30019   13.36   11.38   12.59   10.56   13.96   11.06   16.55   13.82   16.34   17.23   19.05   14.73   19.67   24.11   20.32   19.44   14.49   14.10   15.44   18.64   16.84   20.11   15.50   17.60   24.11   20.32   10.56   16.12   3.28   100.0  

....18 
20 , 15.01 , 16.40 , 14.35 , 13.43 , 6.95 , 0.55 , 0.37 , 0.56 , 0.91 , 1.93 , 4.42 , 5.66 , 1.14 , 0.94 , 1.29 , 1.71 , 1.62 , 2.82 , 1.41 , 0.47 , 2.97 , 3.07 , 0.50 , 2.42 , 16.40 , 15.01 , 0.37 , 4.20 , 5.02 , 100.0% 
blank number =  99, k = 30020   15.01   16.40   14.35   13.43   6.95   0.55   0.37   0.56   0.91   1.93   4.42   5.66   1.14   0.94   1.29   1.71   1.62   2.82   1.41   0.47   2.97   3.07   0.50   2.42   16.40   15.01   0.37   4.20   5.02   100.0  

....19 
21 , 1.91 , 2.94 , 1.31 , 1.80 , 1.14 , 2.59 , 14.43 , 11.32 , 5.03 , 1.89 , 1.29 , 2.07 , 2.47 , 2.62 , 2.06 , 1.71 , 3.63 , 2.48 , 4.66 , 3.90 , 6.69 , 6.53 , 7.04 , 6.31 , 14.43 , 11.32 , 1.14 , 4.08 , 3.23 , 100.0% 
blank number =  97, k = 30021   1.91   2.94   1.31   1.80   1.14   2.59   14.43   11.32   5.03   1.89   1.29   2.07   2.47   2.62   2.06   1.71   3.63   2.48   4.66   3.90   6.69   6.53   7.04   6.31   14.43   11.32   1.14   4.08   3.23   100.0  

....20 
22 , 8.40 , 7.54 , 5.65 , 4.83 , 4.95 , 6.07 , 10.29 , 5.67 , 7.68 , 7.31 , 10.81 , 6.55 , 7.55 , 7.83 , 6.64 , 5.38 , 8.67 , 3.72 , 6.37 , 7.03 , 7.59 , 6.93 , 9.17 , 6.91 , 10.81 , 10.29 , 3.72 , 7.06 , 1.64 , 100.0% 
blank number =  97, k = 30022   8.40   7.54   5.65   4.83   4.95   6.07   10.29   5.67   7.68   7.31   10.81   6.55   7.55   7.83   6.64   5.38   8.67   3.72   6.37   7.03   7.59   6.93   9.17   6.91   10.81   10.29   3.72   7.06   1.64   100.0  

....21 
23 , 8.81 , 6.85 , 6.22 , 7.50 , 9.11 , 9.48 , 10.88 , 9.76 , 9.09 , 12.96 , 15.36 , 12.65 , 13.44 , 12.76 , 12.05 , 13.80 , 15.24 , 13.98 , 13.56 , 9.42 , 9.71 , 6.59 , 3.39 , 9.57 , 15.36 , 15.24 , 3.39 , 10.51 , 3.05 , 100.0% 
blank number =  107, k = 30023   8.81   6.85   6.22   7.50   9.11   9.48   10.88   9.76   9.09   12.96   15.36   12.65   13.44   12.76   12.05   13.80   15.24   13.98   13.56   9.42   9.71   6.59   3.39   9.57   15.36   15.24   3.39   10.51   3.05   100.0  

....22 
24 , 8.83 , 9.72 , 9.57 , 13.60 , 15.26 , 18.47 , 21.51 , 21.86 , 21.75 , 14.20 , 13.72 , 7.44 , 4.86 , 4.13 , 3.44 , 5.54 , 1.91 , 7.06 , 2.74 , 3.08 , 8.29 , 6.64 , 4.86 , 4.38 , 21.86 , 21.75 , 1.91 , 9.70 , 6.23 , 100.0% 
blank number =  103, k = 30024   8.83   9.72   9.57   13.60   15.26   18.47   21.51   21.86   21.75   14.20   13.72   7.44   4.86   4.13   3.44   5.54   1.91   7.06   2.74   3.08   8.29   6.64   4.86   4.38   21.86   21.75   1.91   9.70   6.23   100.0  

....23 
25 , 3.04 , 3.36 , 2.78 , 2.62 , 1.49 , 0.63 , 6.93 , 5.00 , 4.12 , 4.18 , 5.99 , 4.49 , 3.64 , 4.18 , 5.16 , 3.39 , 2.03 , 2.94 , 1.50 , 3.42 , 3.22 , 4.10 , 3.63 , 2.91 , 6.93 , 5.99 , 0.63 , 3.53 , 1.39 , 100.0% 
blank number =  93, k = 30025   3.04   3.36   2.78   2.62   1.49   0.63   6.93   5.00   4.12   4.18   5.99   4.49   3.64   4.18   5.16   3.39   2.03   2.94   1.50   3.42   3.22   4.10   3.63   2.91   6.93   5.99   0.63   3.53   1.39   100.0  

....24 
26 , 4.07 , 1.98 , 3.28 , 2.64 , 2.98 , 4.46 , 9.47 , 12.35 , 9.39 , 12.54 , 9.75 , 9.27 , 10.55 , 10.26 , 9.34 , 8.89 , 6.44 , 9.89 , 9.04 , 6.13 , 7.11 , 8.55 , 9.34 , 10.97 , 12.54 , 12.35 , 1.98 , 7.86 , 3.06 , 100.0% 
blank number =  100, k = 30026   4.07   1.98   3.28   2.64   2.98   4.46   9.47   12.35   9.39   12.54   9.75   9.27   10.55   10.26   9.34   8.89   6.44   9.89   9.04   6.13   7.11   8.55   9.34   10.97   12.54   12.35   1.98   7.86   3.06   100.0  

....25 
27 , 13.54 , 15.03 , 17.21 , 15.34 , 14.11 , 12.68 , 16.32 , 18.69 , 16.21 , 15.30 , 5.97 , 11.69 , 11.03 , 10.46 , 10.27 , 9.97 , 12.30 , 12.71 , 9.06 , 9.77 , 12.17 , 17.23 , 16.16 , 12.86 , 18.69 , 17.23 , 5.97 , 13.17 , 3.03 , 100.0% 
blank number =  116, k = 30027   13.54   15.03   17.21   15.34   14.11   12.68   16.32   18.69   16.21   15.30   5.97   11.69   11.03   10.46   10.27   9.97   12.30   12.71   9.06   9.77   12.17   17.23   16.16   12.86   18.69   17.23   5.97   13.17   3.03   100.0  

....26 
28 , 11.14 , 11.76 , 13.43 , 14.32 , 12.58 , 9.14 , 13.25 , 14.17 , 12.40 , 14.55 , QAS  , LIM  , QAS  , AQI  , 2.08 , 1.79 , 3.43 , 3.90 , 8.09 , 6.26 , 5.60 , 4.18 , 3.90 , 6.63 , 14.55 , 14.32 , 1.79 , 8.63 , 4.41 , 83.3% 
blank number =  91, k = 30028   11.14   11.76   13.43   14.32   12.58   9.14   13.25   14.17   12.40   14.55   999    999    999    999    2.08   1.79   3.43   3.90   8.09   6.26   5.60   4.18   3.90   6.63   14.55   14.32   1.79   8.63   4.41   83.3  

....27 
29 , 10.95 , 11.10 , 7.92 , 5.57 , 5.86 , 5.72 , 14.67 , 13.59 , 14.05 , 14.71 , 11.24 , 9.04 , 11.24 , 4.75 , 6.49 , 6.99 , 8.00 , 13.00 , 11.55 , 8.14 , 7.92 , 11.94 , 10.64 , 9.96 , 14.71 , 14.67 , 4.75 , 9.79 , 2.99 , 100.0% 
blank number =  107, k = 30029   10.95   11.10   7.92   5.57   5.86   5.72   14.67   13.59   14.05   14.71   11.24   9.04   11.24   4.75   6.49   6.99   8.00   13.00   11.55   8.14   7.92   11.94   10.64   9.96   14.71   14.67   4.75   9.79   2.99   100.0  

....28 
30 , 9.33 , 2.39 , 0.97 , -0.07 , -0.06 , 1.43 , 4.53 , 6.94 , 5.80 , 6.67 , 2.25 , 4.16 , 10.23 , 13.14 , 8.29 , 8.03 , 10.38 , 9.37 , 15.03 , 16.67 , 15.81 , 17.13 , 20.82 , 17.67 , 20.82 , 17.67 , -0.07 , 8.62 , 6.06 , 100.0% 
blank number =  104, k = 30030   9.33   2.39   0.97   -0.07   -0.06   1.43   4.53   6.94   5.80   6.67   2.25   4.16   10.23   13.14   8.29   8.03   10.38   9.37   15.03   16.67   15.81   17.13   20.82   17.67   20.82   17.67   -0.07   8.62   6.06   100.0  

....29 

blank number =  0, k = 300